0.000000000000000000e+00 1.626691818237304688e-01 2.562912702560424805e-01 3.037005066871643066e-01 3.114891946315765381e-01 3.463563024997711182e-01 3.273211717605590820e-01 2.601237893104553223e-01 1.679250299930572510e-01 3.516759872436523438e-01 3.788824677467346191e-01 3.907851874828338623e-01 3.633649647235870361e-01 3.349983096122741699e-01 3.671129643917083740e-01 3.889926075935363770e-01 3.806199133396148682e-01 3.511124253273010254e-01
1.626691818237304688e-01 0.000000000000000000e+00 1.535056233406066895e-01 2.477327287197113037e-01 3.140628039836883545e-01 3.517498970031738281e-01 3.349922895431518555e-01 3.046586811542510986e-01 2.662165760993957520e-01 3.791893422603607178e-01 4.054304659366607666e-01 4.168514609336853027e-01 3.905111551284790039e-01 3.632765710353851318e-01 3.940688371658325195e-01 4.150885939598083496e-01 4.069892466068267822e-01 3.785522282123565674e-01
2.562912702560424805e-01 1.535056233406066895e-01 0.000000000000000000e+00 1.594476401805877686e-01 2.708038091659545898e-01 3.195524513721466064e-01 3.240976631641387939e-01 3.344307541847229004e-01 3.270755708217620850e-01 3.910982906818389893e-01 4.168620407581329346e-01 4.280717670917510986e-01 4.022102057933807373e-01 3.754720091819763184e-01 4.056928157806396484e-01 4.263356029987335205e-01 4.183795452117919922e-01 3.904565274715423584e-01
3.037005066871643066e-01 2.477327287197113037e-01 1.594476401805877686e-01 0.000000000000000000e+00 1.642767190933227539e-01 2.482931613922119141e-01 3.150127232074737549e-01 3.485230803489685059e-01 3.396412134170532227e-01 3.637382984161376953e-01 3.905744552612304688e-01 4.022614955902099609e-01 3.753274977207183838e-01 3.474760651588439941e-01 3.789893388748168945e-01 4.004707336425781250e-01 3.921968340873718262e-01 3.631235063076019287e-01
3.114891946315765381e-01 3.140628039836883545e-01 2.708038091659545898e-01 1.642767190933227539e-01 0.000000000000000000e+00 1.639786511659622192e-01 2.572975754737854004e-01 3.088784217834472656e-01 3.110208809375762939e-01 3.358400464057922363e-01 3.637938499450683594e-01 3.759684264659881592e-01 3.479373455047607422e-01 3.189493715763092041e-01 3.517791628837585449e-01 3.741163909435272217e-01 3.655083477497100830e-01 3.352419435977935791e-01
3.463563024997711182e-01 3.517498970031738281e-01 3.195524513721466064e-01 2.482931613922119141e-01 1.639786511659622192e-01 0.000000000000000000e+00 1.604626327753067017e-01 2.593240737915039062e-01 3.115057945251464844e-01 3.679248392581939697e-01 3.945650458335876465e-01 4.061693251132965088e-01 3.794324696063995361e-01 3.517839312553405762e-01 3.830753266811370850e-01 4.043956398963928223e-01 3.961851894855499268e-01 3.673267066478729248e-01
3.273211717605590820e-01 3.349922895431518555e-01 3.240976631641387939e-01 3.150127232074737549e-01 2.572975754737854004e-01 1.604626327753067017e-01 0.000000000000000000e+00 1.605744212865829468e-01 2.581242322921752930e-01 3.895960748195648193e-01 4.153815805912017822e-01 4.266131222248077393e-01 4.007084071636199951e-01 3.739224374294281006e-01 4.042069017887115479e-01 4.248830080032348633e-01 4.169255793094635010e-01 3.889747560024261475e-01
2.601237893104553223e-01 3.046586811542510986e-01 3.344307541847229004e-01 3.485230803489685059e-01 3.088784217834472656e-01 2.593240737915039062e-01 1.605744212865829468e-01 0.000000000000000000e+00 1.576716154813766479e-01 3.809137046337127686e-01 4.069856107234954834e-01 4.183664619922637939e-01 3.921304643154144287e-01 3.649957180023193359e-01 3.956922888755798340e-01 4.166315495967864990e-01 4.085958302021026611e-01 3.803253471851348877e-01
1.679250299930572510e-01 2.662165760993957520e-01 3.270755708217620850e-01 3.396412134170532227e-01 3.110208809375762939e-01 3.115057945251464844e-01 2.581242322921752930e-01 1.576716154813766479e-01 0.000000000000000000e+00 3.514402508735656738e-01 3.785977363586425781e-01 3.904938697814941406e-01 3.631016314029693604e-01 3.347598016262054443e-01 3.668627142906188965e-01 3.887156844139099121e-01 3.803660571575164795e-01 3.509095609188079834e-01
3.516759872436523438e-01 3.791893422603607178e-01 3.910982906818389893e-01 3.637382984161376953e-01 3.358400464057922363e-01 3.679248392581939697e-01 3.895960748195648193e-01 3.809137046337127686e-01 3.514402508735656738e-01 0.000000000000000000e+00 1.620428860187530518e-01 2.557638287544250488e-01 3.025422394275665283e-01 3.104515969753265381e-01 3.453460931777954102e-01 3.265077769756317139e-01 2.595178186893463135e-01 1.680671125650405884e-01
3.788824677467346191e-01 4.054304659366607666e-01 4.168620407581329346e-01 3.905744552612304688e-01 3.637938499450683594e-01 3.945650458335876465e-01 4.153815805912017822e-01 4.069856107234954834e-01 3.785977363586425781e-01 1.620428860187530518e-01 0.000000000000000000e+00 1.536248773336410522e-01 2.469773441553115845e-01 3.130366504192352295e-01 3.508833646774291992e-01 3.344694375991821289e-01 3.046196401119232178e-01 2.659491598606109619e-01
3.907851874828338623e-01 4.168514609336853027e-01 4.280717670917510986e-01 4.022614955902099609e-01 3.759684264659881592e-01 4.061693251132965088e-01 4.266131222248077393e-01 4.183664619922637939e-01 3.904938697814941406e-01 2.557638287544250488e-01 1.536248773336410522e-01 0.000000000000000000e+00 1.586609631776809692e-01 2.701357305049896240e-01 3.189629614353179932e-01 3.233799636363983154e-01 3.341046571731567383e-01 3.269192874431610107e-01
3.633649647235870361e-01 3.905111551284790039e-01 4.022102057933807373e-01 3.753274977207183838e-01 3.479373455047607422e-01 3.794324696063995361e-01 4.007084071636199951e-01 3.921304643154144287e-01 3.631016314029693604e-01 3.025422394275665283e-01 2.469773441553115845e-01 1.586609631776809692e-01 0.000000000000000000e+00 1.643379777669906616e-01 2.485796064138412476e-01 3.142657876014709473e-01 3.481232225894927979e-01 3.393056690692901611e-01
3.349983096122741699e-01 3.632765710353851318e-01 3.754720091819763184e-01 3.474760651588439941e-01 3.189493715763092041e-01 3.517839312553405762e-01 3.739224374294281006e-01 3.649957180023193359e-01 3.347598016262054443e-01 3.104515969753265381e-01 3.130366504192352295e-01 2.701357305049896240e-01 1.643379777669906616e-01 0.000000000000000000e+00 1.640366911888122559e-01 2.566669285297393799e-01 3.086504638195037842e-01 3.102169930934906006e-01
3.671129643917083740e-01 3.940688371658325195e-01 4.056928157806396484e-01 3.789893388748168945e-01 3.517791628837585449e-01 3.830753266811370850e-01 4.042069017887115479e-01 3.956922888755798340e-01 3.668627142906188965e-01 3.453460931777954102e-01 3.508833646774291992e-01 3.189629614353179932e-01 2.485796064138412476e-01 1.640366911888122559e-01 0.000000000000000000e+00 1.594989895820617676e-01 2.587492763996124268e-01 3.105710744857788086e-01
3.889926075935363770e-01 4.150885939598083496e-01 4.263356029987335205e-01 4.004707336425781250e-01 3.741163909435272217e-01 4.043956398963928223e-01 4.248830080032348633e-01 4.166315495967864990e-01 3.887156844139099121e-01 3.265077769756317139e-01 3.344694375991821289e-01 3.233799636363983154e-01 3.142657876014709473e-01 2.566669285297393799e-01 1.594989895820617676e-01 0.000000000000000000e+00 1.603338867425918579e-01 2.576970160007476807e-01
3.806199133396148682e-01 4.069892466068267822e-01 4.183795452117919922e-01 3.921968340873718262e-01 3.655083477497100830e-01 3.961851894855499268e-01 4.169255793094635010e-01 4.085958302021026611e-01 3.803660571575164795e-01 2.595178186893463135e-01 3.046196401119232178e-01 3.341046571731567383e-01 3.481232225894927979e-01 3.086504638195037842e-01 2.587492763996124268e-01 1.603338867425918579e-01 0.000000000000000000e+00 1.570341289043426514e-01
3.511124253273010254e-01 3.785522282123565674e-01 3.904565274715423584e-01 3.631235063076019287e-01 3.352419435977935791e-01 3.673267066478729248e-01 3.889747560024261475e-01 3.803253471851348877e-01 3.509095609188079834e-01 1.680671125650405884e-01 2.659491598606109619e-01 3.269192874431610107e-01 3.393056690692901611e-01 3.102169930934906006e-01 3.105710744857788086e-01 2.576970160007476807e-01 1.570341289043426514e-01 0.000000000000000000e+00
