0.000000000000000000e+00 1.381726861000061035e-01 1.480983346700668335e-01 2.104841470718383789e-01 2.890500724315643311e-01 2.047329992055892944e-01 1.595815122127532959e-01 1.153385788202285767e-01 1.242604404687881470e-01 1.224993094801902771e-01 1.461462676525115967e-01 2.028807103633880615e-01 1.675833314657211304e-01 1.937362849712371826e-01 1.917636692523956299e-01 1.596295237541198730e-01 1.739153265953063965e-01 1.812128871679306030e-01
1.381726861000061035e-01 0.000000000000000000e+00 1.352504342794418335e-01 2.421076446771621704e-01 2.693188786506652832e-01 1.778332889080047607e-01 1.870887428522109985e-01 1.261882930994033813e-01 1.488927751779556274e-01 1.068705916404724121e-01 1.208172664046287537e-01 1.354701519012451172e-01 1.544798761606216431e-01 2.217440009117126465e-01 1.594520956277847290e-01 1.308952718973159790e-01 1.146252751350402832e-01 1.500938683748245239e-01
1.480983346700668335e-01 1.352504342794418335e-01 0.000000000000000000e+00 1.873498558998107910e-01 1.780168116092681885e-01 1.550216376781463623e-01 1.276891678571701050e-01 1.226572766900062561e-01 1.825594604015350342e-01 1.222553253173828125e-01 1.240515112876892090e-01 1.743076890707015991e-01 1.269453614950180054e-01 1.908417642116546631e-01 1.196965798735618591e-01 1.406556069850921631e-01 1.437694281339645386e-01 1.780822575092315674e-01
2.104841470718383789e-01 2.421076446771621704e-01 1.873498558998107910e-01 0.000000000000000000e+00 2.287087738513946533e-01 1.939654946327209473e-01 1.857966035604476929e-01 1.993719935417175293e-01 1.831287890672683716e-01 2.250070124864578247e-01 2.142814099788665771e-01 2.487839758396148682e-01 1.922940611839294434e-01 2.465644031763076782e-01 2.071087360382080078e-01 1.874164342880249023e-01 2.066646814346313477e-01 2.552334964275360107e-01
2.890500724315643311e-01 2.693188786506652832e-01 1.780168116092681885e-01 2.287087738513946533e-01 0.000000000000000000e+00 2.135301083326339722e-01 2.341848611831665039e-01 2.222142368555068970e-01 2.917281091213226318e-01 2.420793473720550537e-01 1.829042136669158936e-01 2.149649858474731445e-01 1.937553137540817261e-01 1.900665313005447388e-01 1.822134703397750854e-01 2.234921902418136597e-01 2.598998546600341797e-01 2.845585942268371582e-01
2.047329992055892944e-01 1.778332889080047607e-01 1.550216376781463623e-01 1.939654946327209473e-01 2.135301083326339722e-01 0.000000000000000000e+00 1.598943322896957397e-01 1.782529652118682861e-01 2.022015899419784546e-01 1.502766311168670654e-01 1.622005403041839600e-01 1.811458319425582886e-01 1.629727929830551147e-01 2.622750997543334961e-01 1.726224422454833984e-01 1.674299687147140503e-01 1.435946673154830933e-01 1.839875131845474243e-01
1.595815122127532959e-01 1.870887428522109985e-01 1.276891678571701050e-01 1.857966035604476929e-01 2.341848611831665039e-01 1.598943322896957397e-01 0.000000000000000000e+00 1.328078955411911011e-01 1.677734106779098511e-01 1.339851170778274536e-01 1.466658264398574829e-01 1.841005533933639526e-01 1.417023539543151855e-01 1.825623810291290283e-01 1.618379503488540649e-01 1.527106910943984985e-01 1.559827327728271484e-01 2.132024019956588745e-01
1.153385788202285767e-01 1.261882930994033813e-01 1.226572766900062561e-01 1.993719935417175293e-01 2.222142368555068970e-01 1.782529652118682861e-01 1.328078955411911011e-01 0.000000000000000000e+00 1.375295370817184448e-01 1.064320281147956848e-01 1.193705797195434570e-01 1.593351215124130249e-01 1.573420912027359009e-01 2.010868489742279053e-01 1.802008748054504395e-01 1.366946101188659668e-01 1.312253624200820923e-01 1.543311923742294312e-01
1.242604404687881470e-01 1.488927751779556274e-01 1.825594604015350342e-01 1.831287890672683716e-01 2.917281091213226318e-01 2.022015899419784546e-01 1.677734106779098511e-01 1.375295370817184448e-01 0.000000000000000000e+00 1.413712203502655029e-01 1.392445564270019531e-01 1.816433668136596680e-01 1.607137024402618408e-01 2.210221588611602783e-01 1.884819865226745605e-01 1.673396974802017212e-01 1.627111732959747314e-01 1.477642357349395752e-01
1.224993094801902771e-01 1.068705916404724121e-01 1.222553253173828125e-01 2.250070124864578247e-01 2.420793473720550537e-01 1.502766311168670654e-01 1.339851170778274536e-01 1.064320281147956848e-01 1.413712203502655029e-01 0.000000000000000000e+00 1.182790249586105347e-01 1.439543813467025757e-01 1.367551684379577637e-01 1.914435625076293945e-01 1.752139329910278320e-01 1.421484202146530151e-01 1.015609651803970337e-01 1.163724809885025024e-01
1.461462676525115967e-01 1.208172664046287537e-01 1.240515112876892090e-01 2.142814099788665771e-01 1.829042136669158936e-01 1.622005403041839600e-01 1.466658264398574829e-01 1.193705797195434570e-01 1.392445564270019531e-01 1.182790249586105347e-01 0.000000000000000000e+00 1.487772464752197266e-01 1.361913681030273438e-01 1.603484153747558594e-01 1.405817866325378418e-01 1.379178762435913086e-01 1.455180943012237549e-01 1.551474034786224365e-01
2.028807103633880615e-01 1.354701519012451172e-01 1.743076890707015991e-01 2.487839758396148682e-01 2.149649858474731445e-01 1.811458319425582886e-01 1.841005533933639526e-01 1.593351215124130249e-01 1.816433668136596680e-01 1.439543813467025757e-01 1.487772464752197266e-01 0.000000000000000000e+00 1.104710698127746582e-01 2.086837738752365112e-01 1.871972829103469849e-01 1.309915482997894287e-01 1.330690085887908936e-01 1.743003726005554199e-01
1.675833314657211304e-01 1.544798761606216431e-01 1.269453614950180054e-01 1.922940611839294434e-01 1.937553137540817261e-01 1.629727929830551147e-01 1.417023539543151855e-01 1.573420912027359009e-01 1.607137024402618408e-01 1.367551684379577637e-01 1.361913681030273438e-01 1.104710698127746582e-01 0.000000000000000000e+00 1.585723906755447388e-01 1.388369053602218628e-01 1.272607892751693726e-01 1.653363853693008423e-01 1.748564839363098145e-01
1.937362849712371826e-01 2.217440009117126465e-01 1.908417642116546631e-01 2.465644031763076782e-01 1.900665313005447388e-01 2.622750997543334961e-01 1.825623810291290283e-01 2.010868489742279053e-01 2.210221588611602783e-01 1.914435625076293945e-01 1.603484153747558594e-01 2.086837738752365112e-01 1.585723906755447388e-01 0.000000000000000000e+00 2.036387175321578979e-01 1.741652786731719971e-01 2.521965503692626953e-01 2.867748141288757324e-01
1.917636692523956299e-01 1.594520956277847290e-01 1.196965798735618591e-01 2.071087360382080078e-01 1.822134703397750854e-01 1.726224422454833984e-01 1.618379503488540649e-01 1.802008748054504395e-01 1.884819865226745605e-01 1.752139329910278320e-01 1.405817866325378418e-01 1.871972829103469849e-01 1.388369053602218628e-01 2.036387175321578979e-01 0.000000000000000000e+00 1.293407529592514038e-01 2.075517475605010986e-01 2.125580757856369019e-01
1.596295237541198730e-01 1.308952718973159790e-01 1.406556069850921631e-01 1.874164342880249023e-01 2.234921902418136597e-01 1.674299687147140503e-01 1.527106910943984985e-01 1.366946101188659668e-01 1.673396974802017212e-01 1.421484202146530151e-01 1.379178762435913086e-01 1.309915482997894287e-01 1.272607892751693726e-01 1.741652786731719971e-01 1.293407529592514038e-01 0.000000000000000000e+00 1.454529315233230591e-01 1.965085566043853760e-01
1.739153265953063965e-01 1.146252751350402832e-01 1.437694281339645386e-01 2.066646814346313477e-01 2.598998546600341797e-01 1.435946673154830933e-01 1.559827327728271484e-01 1.312253624200820923e-01 1.627111732959747314e-01 1.015609651803970337e-01 1.455180943012237549e-01 1.330690085887908936e-01 1.653363853693008423e-01 2.521965503692626953e-01 2.075517475605010986e-01 1.454529315233230591e-01 0.000000000000000000e+00 1.185274124145507812e-01
1.812128871679306030e-01 1.500938683748245239e-01 1.780822575092315674e-01 2.552334964275360107e-01 2.845585942268371582e-01 1.839875131845474243e-01 2.132024019956588745e-01 1.543311923742294312e-01 1.477642357349395752e-01 1.163724809885025024e-01 1.551474034786224365e-01 1.743003726005554199e-01 1.748564839363098145e-01 2.867748141288757324e-01 2.125580757856369019e-01 1.965085566043853760e-01 1.185274124145507812e-01 0.000000000000000000e+00
