0.000000000000000000e+00 1.092994809150695801e-01 1.407245546579360962e-01 1.626992374658584595e-01 1.694221943616867065e-01 1.799572259187698364e-01 1.702109128236770630e-01 1.457668542861938477e-01 1.072595492005348206e-01 2.174698412418365479e-01 2.325511425733566284e-01 2.352103143930435181e-01 2.240650206804275513e-01 2.087750434875488281e-01 2.267731577157974243e-01 2.403040975332260132e-01 2.404504567384719849e-01 2.198671251535415649e-01
1.092994809150695801e-01 0.000000000000000000e+00 1.078301295638084412e-01 1.394723951816558838e-01 1.636907458305358887e-01 1.839006841182708740e-01 1.846366375684738159e-01 1.716834306716918945e-01 1.417859196662902832e-01 2.328798919916152954e-01 2.477344870567321777e-01 2.503280639648437500e-01 2.393500655889511108e-01 2.243005484342575073e-01 2.420464307069778442e-01 2.553657293319702148e-01 2.555126249790191650e-01 2.352438867092132568e-01
1.407245546579360962e-01 1.078301295638084412e-01 0.000000000000000000e+00 1.103968024253845215e-01 1.399290561676025391e-01 1.684870868921279907e-01 1.843360811471939087e-01 1.905566602945327759e-01 1.720209568738937378e-01 2.354427576065063477e-01 2.502337694168090820e-01 2.528229951858520508e-01 2.418918460607528687e-01 2.269047051668167114e-01 2.445698976516723633e-01 2.578345239162445068e-01 2.579787671566009521e-01 2.377948611974716187e-01
1.626992374658584595e-01 1.394723951816558838e-01 1.103968024253845215e-01 0.000000000000000000e+00 1.066706478595733643e-01 1.380725651979446411e-01 1.736643612384796143e-01 1.939086467027664185e-01 1.841433495283126831e-01 2.243169993162155151e-01 2.392710000276565552e-01 2.419079840183258057e-01 2.308565080165863037e-01 2.156963497400283813e-01 2.335425168275833130e-01 2.469594925642013550e-01 2.471031099557876587e-01 2.266928255558013916e-01
1.694221943616867065e-01 1.636907458305358887e-01 1.399290561676025391e-01 1.066706478595733643e-01 0.000000000000000000e+00 1.064620241522789001e-01 1.446568220853805542e-01 1.706744283437728882e-01 1.710100024938583374e-01 2.091525048017501831e-01 2.243428081274032593e-01 2.270425260066986084e-01 2.158165425062179565e-01 2.004083544015884399e-01 2.185215204954147339e-01 2.321573495864868164e-01 2.323005050420761108e-01 2.115632295608520508e-01
1.799572259187698364e-01 1.839006841182708740e-01 1.684870868921279907e-01 1.380725651979446411e-01 1.064620241522789001e-01 0.000000000000000000e+00 1.168953403830528259e-01 1.453099697828292847e-01 1.624436527490615845e-01 2.272054105997085571e-01 2.421473264694213867e-01 2.447648644447326660e-01 2.337223589420318604e-01 2.185809910297393799e-01 2.364249974489212036e-01 2.498254477977752686e-01 2.499718666076660156e-01 2.295820564031600952e-01
1.702109128236770630e-01 1.846366375684738159e-01 1.843360811471939087e-01 1.736643612384796143e-01 1.446568220853805542e-01 1.168953403830528259e-01 0.000000000000000000e+00 1.122704744338989258e-01 1.413244307041168213e-01 2.407781332731246948e-01 2.555098831653594971e-01 2.580718398094177246e-01 2.471844702959060669e-01 2.322639673948287964e-01 2.498703747987747192e-01 2.630763351917266846e-01 2.632225155830383301e-01 2.431231886148452759e-01
1.457668542861938477e-01 1.716834306716918945e-01 1.905566602945327759e-01 1.939086467027664185e-01 1.706744283437728882e-01 1.453099697828292847e-01 1.122704744338989258e-01 0.000000000000000000e+00 1.154992654919624329e-01 2.409910112619400024e-01 2.557233572006225586e-01 2.582824528217315674e-01 2.473947554826736450e-01 2.324743270874023438e-01 2.500834763050079346e-01 2.632889151573181152e-01 2.634363770484924316e-01 2.433372586965560913e-01
1.072595492005348206e-01 1.417859196662902832e-01 1.720209568738937378e-01 1.841433495283126831e-01 1.710100024938583374e-01 1.624436527490615845e-01 1.413244307041168213e-01 1.154992654919624329e-01 0.000000000000000000e+00 2.205763459205627441e-01 2.356170564889907837e-01 2.382627278566360474e-01 2.271472811698913574e-01 2.119013816118240356e-01 2.298556417226791382e-01 2.433481961488723755e-01 2.434943318367004395e-01 2.229674458503723145e-01
2.174698412418365479e-01 2.328798919916152954e-01 2.354427576065063477e-01 2.243169993162155151e-01 2.091525048017501831e-01 2.272054105997085571e-01 2.407781332731246948e-01 2.409910112619400024e-01 2.205763459205627441e-01 0.000000000000000000e+00 1.092179417610168457e-01 1.409271955490112305e-01 1.625211536884307861e-01 1.695283055305480957e-01 1.802267432212829590e-01 1.702438443899154663e-01 1.457104831933975220e-01 1.072372123599052429e-01
2.325511425733566284e-01 2.477344870567321777e-01 2.502337694168090820e-01 2.392710000276565552e-01 2.243428081274032593e-01 2.421473264694213867e-01 2.555098831653594971e-01 2.557233572006225586e-01 2.356170564889907837e-01 1.092179417610168457e-01 0.000000000000000000e+00 1.079655736684799194e-01 1.392876356840133667e-01 1.634562313556671143e-01 1.836788207292556763e-01 1.843144148588180542e-01 1.716373711824417114e-01 1.411702185869216919e-01
2.352103143930435181e-01 2.503280639648437500e-01 2.528229951858520508e-01 2.419079840183258057e-01 2.270425260066986084e-01 2.447648644447326660e-01 2.580718398094177246e-01 2.582824528217315674e-01 2.382627278566360474e-01 1.409271955490112305e-01 1.079655736684799194e-01 0.000000000000000000e+00 1.102921515703201294e-01 1.397906541824340820e-01 1.683147996664047241e-01 1.839860826730728149e-01 1.902942508459091187e-01 1.715784519910812378e-01
2.240650206804275513e-01 2.393500655889511108e-01 2.418918460607528687e-01 2.308565080165863037e-01 2.158165425062179565e-01 2.337223589420318604e-01 2.471844702959060669e-01 2.473947554826736450e-01 2.271472811698913574e-01 1.625211536884307861e-01 1.392876356840133667e-01 1.102921515703201294e-01 0.000000000000000000e+00 1.066091433167457581e-01 1.379778683185577393e-01 1.732901483774185181e-01 1.936644464731216431e-01 1.837229132652282715e-01
2.087750434875488281e-01 2.243005484342575073e-01 2.269047051668167114e-01 2.156963497400283813e-01 2.004083544015884399e-01 2.185809910297393799e-01 2.322639673948287964e-01 2.324743270874023438e-01 2.119013816118240356e-01 1.695283055305480957e-01 1.634562313556671143e-01 1.397906541824340820e-01 1.066091433167457581e-01 0.000000000000000000e+00 1.062063351273536682e-01 1.444666385650634766e-01 1.705917716026306152e-01 1.703638285398483276e-01
2.267731577157974243e-01 2.420464307069778442e-01 2.445698976516723633e-01 2.335425168275833130e-01 2.185215204954147339e-01 2.364249974489212036e-01 2.498703747987747192e-01 2.500834763050079346e-01 2.298556417226791382e-01 1.802267432212829590e-01 1.836788207292556763e-01 1.683147996664047241e-01 1.379778683185577393e-01 1.062063351273536682e-01 0.000000000000000000e+00 1.166627109050750732e-01 1.453058123588562012e-01 1.620513945817947388e-01
2.403040975332260132e-01 2.553657293319702148e-01 2.578345239162445068e-01 2.469594925642013550e-01 2.321573495864868164e-01 2.498254477977752686e-01 2.630763351917266846e-01 2.632889151573181152e-01 2.433481961488723755e-01 1.702438443899154663e-01 1.843144148588180542e-01 1.839860826730728149e-01 1.732901483774185181e-01 1.444666385650634766e-01 1.166627109050750732e-01 0.000000000000000000e+00 1.122250333428382874e-01 1.411848217248916626e-01
2.404504567384719849e-01 2.555126249790191650e-01 2.579787671566009521e-01 2.471031099557876587e-01 2.323005050420761108e-01 2.499718666076660156e-01 2.632225155830383301e-01 2.634363770484924316e-01 2.434943318367004395e-01 1.457104831933975220e-01 1.716373711824417114e-01 1.902942508459091187e-01 1.936644464731216431e-01 1.705917716026306152e-01 1.453058123588562012e-01 1.122250333428382874e-01 0.000000000000000000e+00 1.150098890066146851e-01
2.198671251535415649e-01 2.352438867092132568e-01 2.377948611974716187e-01 2.266928255558013916e-01 2.115632295608520508e-01 2.295820564031600952e-01 2.431231886148452759e-01 2.433372586965560913e-01 2.229674458503723145e-01 1.072372123599052429e-01 1.411702185869216919e-01 1.715784519910812378e-01 1.837229132652282715e-01 1.703638285398483276e-01 1.620513945817947388e-01 1.411848217248916626e-01 1.150098890066146851e-01 0.000000000000000000e+00
