0.000000000000000000e+00 1.187689676880836487e-01 2.155134230852127075e-01 2.793298661708831787e-01 3.432317376136779785e-01 3.148124814033508301e-01 2.683141231536865234e-01 2.070099562406539917e-01 8.772971481084823608e-02 5.120955109596252441e-01 5.611061453819274902e-01 5.262590646743774414e-01 4.918324053287506104e-01 4.677706360816955566e-01 5.080676674842834473e-01 5.103994011878967285e-01 5.225362777709960938e-01 5.379576683044433594e-01
1.187689676880836487e-01 0.000000000000000000e+00 1.237149238586425781e-01 2.455889731645584106e-01 3.665467500686645508e-01 2.916798591613769531e-01 2.634202837944030762e-01 2.029076516628265381e-01 1.559375375509262085e-01 5.773252248764038086e-01 6.188260912895202637e-01 5.866438150405883789e-01 5.578649640083312988e-01 5.386965274810791016e-01 5.692749619483947754e-01 5.707950592041015625e-01 5.823891162872314453e-01 5.996503233909606934e-01
2.155134230852127075e-01 1.237149238586425781e-01 0.000000000000000000e+00 1.267051100730895996e-01 2.946090102195739746e-01 1.931784749031066895e-01 2.273494750261306763e-01 2.120163887739181519e-01 2.234377861022949219e-01 5.155925154685974121e-01 5.626936554908752441e-01 5.246661901473999023e-01 4.919069707393646240e-01 4.701719880104064941e-01 5.021233558654785156e-01 5.034317374229431152e-01 5.193162560462951660e-01 5.407348871231079102e-01
2.793298661708831787e-01 2.455889731645584106e-01 1.267051100730895996e-01 0.000000000000000000e+00 2.495518028736114502e-01 1.304122060537338257e-01 2.108235657215118408e-01 2.404920011758804321e-01 2.729833722114562988e-01 4.988001286983489990e-01 5.439692139625549316e-01 5.024988651275634766e-01 4.703886210918426514e-01 4.498615860939025879e-01 4.844027459621429443e-01 4.882504343986511230e-01 5.057871937751770020e-01 5.268742442131042480e-01
3.432317376136779785e-01 3.665467500686645508e-01 2.946090102195739746e-01 2.495518028736114502e-01 0.000000000000000000e+00 2.395580112934112549e-01 3.220159709453582764e-01 3.576299250125885010e-01 3.739328086376190186e-01 4.593653678894042969e-01 5.051699280738830566e-01 4.621599614620208740e-01 4.259628951549530029e-01 4.015777409076690674e-01 4.515827894210815430e-01 4.603228569030761719e-01 4.765391349792480469e-01 4.931272864341735840e-01
3.148124814033508301e-01 2.916798591613769531e-01 1.931784749031066895e-01 1.304122060537338257e-01 2.395580112934112549e-01 0.000000000000000000e+00 1.687217205762863159e-01 2.425440847873687744e-01 2.930145263671875000e-01 5.118562579154968262e-01 5.531118512153625488e-01 5.131955742835998535e-01 4.788856804370880127e-01 4.634019732475280762e-01 5.016505718231201172e-01 5.076003670692443848e-01 5.246880650520324707e-01 5.403442978858947754e-01
2.683141231536865234e-01 2.634202837944030762e-01 2.273494750261306763e-01 2.108235657215118408e-01 3.220159709453582764e-01 1.687217205762863159e-01 0.000000000000000000e+00 1.067969724535942078e-01 1.918876469135284424e-01 5.236253142356872559e-01 5.624816417694091797e-01 5.233183503150939941e-01 4.951117336750030518e-01 4.784641861915588379e-01 5.206063389778137207e-01 5.237495303153991699e-01 5.394942760467529297e-01 5.572327971458435059e-01
2.070099562406539917e-01 2.029076516628265381e-01 2.120163887739181519e-01 2.404920011758804321e-01 3.576299250125885010e-01 2.425440847873687744e-01 1.067969724535942078e-01 0.000000000000000000e+00 1.219168379902839661e-01 5.179457068443298340e-01 5.594683289527893066e-01 5.242894887924194336e-01 4.978041350841522217e-01 4.765884280204772949e-01 5.213624238967895508e-01 5.240104794502258301e-01 5.374685525894165039e-01 5.527039170265197754e-01
8.772971481084823608e-02 1.559375375509262085e-01 2.234377861022949219e-01 2.729833722114562988e-01 3.739328086376190186e-01 2.930145263671875000e-01 1.918876469135284424e-01 1.219168379902839661e-01 0.000000000000000000e+00 5.385772585868835449e-01 5.830159783363342285e-01 5.500910282135009766e-01 5.178939700126647949e-01 4.935377240180969238e-01 5.368087291717529297e-01 5.421546697616577148e-01 5.547128319740295410e-01 5.679102540016174316e-01
5.120955109596252441e-01 5.773252248764038086e-01 5.155925154685974121e-01 4.988001286983489990e-01 4.593653678894042969e-01 5.118562579154968262e-01 5.236253142356872559e-01 5.179457068443298340e-01 5.385772585868835449e-01 0.000000000000000000e+00 1.078280732035636902e-01 2.071855664253234863e-01 2.791877985000610352e-01 3.345888257026672363e-01 2.758893966674804688e-01 2.438740730285644531e-01 1.753623485565185547e-01 8.320351690053939819e-02
5.611061453819274902e-01 6.188260912895202637e-01 5.626936554908752441e-01 5.439692139625549316e-01 5.051699280738830566e-01 5.531118512153625488e-01 5.624816417694091797e-01 5.594683289527893066e-01 5.830159783363342285e-01 1.078280732035636902e-01 0.000000000000000000e+00 1.219130530953407288e-01 2.573482394218444824e-01 3.555127680301666260e-01 2.781834006309509277e-01 2.563568651676177979e-01 1.738871783018112183e-01 1.549497544765472412e-01
5.262590646743774414e-01 5.866438150405883789e-01 5.246661901473999023e-01 5.024988651275634766e-01 4.621599614620208740e-01 5.131955742835998535e-01 5.233183503150939941e-01 5.242894887924194336e-01 5.500910282135009766e-01 2.071855664253234863e-01 1.219130530953407288e-01 0.000000000000000000e+00 1.366591900587081909e-01 2.762120366096496582e-01 1.805040389299392700e-01 2.136642038822174072e-01 1.996407657861709595e-01 2.273452430963516235e-01
4.918324053287506104e-01 5.578649640083312988e-01 4.919069707393646240e-01 4.703886210918426514e-01 4.259628951549530029e-01 4.788856804370880127e-01 4.951117336750030518e-01 4.978041350841522217e-01 5.178939700126647949e-01 2.791877985000610352e-01 2.573482394218444824e-01 1.366591900587081909e-01 0.000000000000000000e+00 2.007931768894195557e-01 1.259789168834686279e-01 2.038765698671340942e-01 2.608757317066192627e-01 2.928608059883117676e-01
4.677706360816955566e-01 5.386965274810791016e-01 4.701719880104064941e-01 4.498615860939025879e-01 4.015777409076690674e-01 4.634019732475280762e-01 4.784641861915588379e-01 4.765884280204772949e-01 4.935377240180969238e-01 3.345888257026672363e-01 3.555127680301666260e-01 2.762120366096496582e-01 2.007931768894195557e-01 0.000000000000000000e+00 2.246544063091278076e-01 3.035201132297515869e-01 3.377799987792968750e-01 3.605348765850067139e-01
5.080676674842834473e-01 5.692749619483947754e-01 5.021233558654785156e-01 4.844027459621429443e-01 4.515827894210815430e-01 5.016505718231201172e-01 5.206063389778137207e-01 5.213624238967895508e-01 5.368087291717529297e-01 2.758893966674804688e-01 2.781834006309509277e-01 1.805040389299392700e-01 1.259789168834686279e-01 2.246544063091278076e-01 0.000000000000000000e+00 1.263886690139770508e-01 2.137506604194641113e-01 2.593618929386138916e-01
5.103994011878967285e-01 5.707950592041015625e-01 5.034317374229431152e-01 4.882504343986511230e-01 4.603228569030761719e-01 5.076003670692443848e-01 5.237495303153991699e-01 5.240104794502258301e-01 5.421546697616577148e-01 2.438740730285644531e-01 2.563568651676177979e-01 2.136642038822174072e-01 2.038765698671340942e-01 3.035201132297515869e-01 1.263886690139770508e-01 0.000000000000000000e+00 1.144405677914619446e-01 1.947097182273864746e-01
5.225362777709960938e-01 5.823891162872314453e-01 5.193162560462951660e-01 5.057871937751770020e-01 4.765391349792480469e-01 5.246880650520324707e-01 5.394942760467529297e-01 5.374685525894165039e-01 5.547128319740295410e-01 1.753623485565185547e-01 1.738871783018112183e-01 1.996407657861709595e-01 2.608757317066192627e-01 3.377799987792968750e-01 2.137506604194641113e-01 1.144405677914619446e-01 0.000000000000000000e+00 1.204366013407707214e-01
5.379576683044433594e-01 5.996503233909606934e-01 5.407348871231079102e-01 5.268742442131042480e-01 4.931272864341735840e-01 5.403442978858947754e-01 5.572327971458435059e-01 5.527039170265197754e-01 5.679102540016174316e-01 8.320351690053939819e-02 1.549497544765472412e-01 2.273452430963516235e-01 2.928608059883117676e-01 3.605348765850067139e-01 2.593618929386138916e-01 1.947097182273864746e-01 1.204366013407707214e-01 0.000000000000000000e+00
