0.000000000000000000e+00 6.652468442916870117e-02 7.559560239315032959e-02 8.459775149822235107e-02 9.011763334274291992e-02 8.829931914806365967e-02 8.129820972681045532e-02 7.457735389471054077e-02 7.220145314931869507e-02 1.208471655845642090e-01 1.215882599353790283e-01 1.208720654249191284e-01 1.191343143582344055e-01 1.173124164342880249e-01 1.199269741773605347e-01 1.221388876438140869e-01 1.227147132158279419e-01 1.211775988340377808e-01
6.652468442916870117e-02 0.000000000000000000e+00 6.626797467470169067e-02 7.647966593503952026e-02 8.336914330720901489e-02 8.458351343870162964e-02 8.183493465185165405e-02 7.777945697307586670e-02 7.386784255504608154e-02 1.216572597622871399e-01 1.224091276526451111e-01 1.216970980167388916e-01 1.199531331658363342e-01 1.181203722953796387e-01 1.207428574562072754e-01 1.229594275355339050e-01 1.235323026776313782e-01 1.219856739044189453e-01
7.559560239315032959e-02 6.626797467470169067e-02 0.000000000000000000e+00 6.536324322223663330e-02 7.364282011985778809e-02 7.727967202663421631e-02 7.958044856786727905e-02 8.093391358852386475e-02 8.023646473884582520e-02 1.210179254412651062e-01 1.217737346887588501e-01 1.210621893405914307e-01 1.193146854639053345e-01 1.174769625067710876e-01 1.201044544577598572e-01 1.223246455192565918e-01 1.228972449898719788e-01 1.213462874293327332e-01
8.459775149822235107e-02 7.647966593503952026e-02 6.536324322223663330e-02 0.000000000000000000e+00 6.416939944028854370e-02 7.144138962030410767e-02 7.745013386011123657e-02 8.394881337881088257e-02 8.766949921846389771e-02 1.193586885929107666e-01 1.201081871986389160e-01 1.193930059671401978e-01 1.176473721861839294e-01 1.158143952488899231e-01 1.184397563338279724e-01 1.206595450639724731e-01 1.212348043918609619e-01 1.196882054209709167e-01
9.011763334274291992e-02 8.336914330720901489e-02 7.364282011985778809e-02 6.416939944028854370e-02 0.000000000000000000e+00 6.505677849054336548e-02 7.466126978397369385e-02 8.343049138784408569e-02 9.025939553976058960e-02 1.175019368529319763e-01 1.182410120964050293e-01 1.175207495689392090e-01 1.157794669270515442e-01 1.139554083347320557e-01 1.165753081440925598e-01 1.187926679849624634e-01 1.193716078996658325e-01 1.178330555558204651e-01
8.829931914806365967e-02 8.458351343870162964e-02 7.727967202663421631e-02 7.144138962030410767e-02 6.505677849054336548e-02 0.000000000000000000e+00 6.687846779823303223e-02 7.733877748250961304e-02 8.563760668039321899e-02 1.202117875218391418e-01 1.209596917033195496e-01 1.202448084950447083e-01 1.185016706585884094e-01 1.166718974709510803e-01 1.192941442131996155e-01 1.215114071965217590e-01 1.220863908529281616e-01 1.205423027276992798e-01
8.129820972681045532e-02 8.183493465185165405e-02 7.958044856786727905e-02 7.745013386011123657e-02 7.466126978397369385e-02 6.687846779823303223e-02 0.000000000000000000e+00 6.817702949047088623e-02 7.738003134727478027e-02 1.223485842347145081e-01 1.231019571423530579e-01 1.223908662796020508e-01 1.206472665071487427e-01 1.188146024942398071e-01 1.214373186230659485e-01 1.236536204814910889e-01 1.242258027195930481e-01 1.226787641644477844e-01
7.457735389471054077e-02 7.777945697307586670e-02 8.093391358852386475e-02 8.394881337881088257e-02 8.343049138784408569e-02 7.733877748250961304e-02 6.817702949047088623e-02 0.000000000000000000e+00 6.817538291215896606e-02 1.228687465190887451e-01 1.236189305782318115e-01 1.229074597358703613e-01 1.211667060852050781e-01 1.193380057811737061e-01 1.219566464424133301e-01 1.241699978709220886e-01 1.247423887252807617e-01 1.231988370418548584e-01
7.220145314931869507e-02 7.386784255504608154e-02 8.023646473884582520e-02 8.766949921846389771e-02 9.025939553976058960e-02 8.563760668039321899e-02 7.738003134727478027e-02 6.817538291215896606e-02 0.000000000000000000e+00 1.215306371450424194e-01 1.222707480192184448e-01 1.215550750494003296e-01 1.198188066482543945e-01 1.179984286427497864e-01 1.206104308366775513e-01 1.228202953934669495e-01 1.233956888318061829e-01 1.218600273132324219e-01
1.208471655845642090e-01 1.216572597622871399e-01 1.210179254412651062e-01 1.193586885929107666e-01 1.175019368529319763e-01 1.202117875218391418e-01 1.223485842347145081e-01 1.228687465190887451e-01 1.215306371450424194e-01 0.000000000000000000e+00 6.660922616720199585e-02 7.582115381956100464e-02 8.463411778211593628e-02 9.020906686782836914e-02 8.834622055292129517e-02 8.139349520206451416e-02 7.462245970964431763e-02 7.221395522356033325e-02
1.215882599353790283e-01 1.224091276526451111e-01 1.217737346887588501e-01 1.201081871986389160e-01 1.182410120964050293e-01 1.209596917033195496e-01 1.231019571423530579e-01 1.236189305782318115e-01 1.222707480192184448e-01 6.660922616720199585e-02 0.000000000000000000e+00 6.645044684410095215e-02 7.661162316799163818e-02 8.353429287672042847e-02 8.471707254648208618e-02 8.191465586423873901e-02 7.804358005523681641e-02 7.394491881132125854e-02
1.208720654249191284e-01 1.216970980167388916e-01 1.210621893405914307e-01 1.193930059671401978e-01 1.175207495689392090e-01 1.202448084950447083e-01 1.223908662796020508e-01 1.229074597358703613e-01 1.215550750494003296e-01 7.582115381956100464e-02 6.645044684410095215e-02 0.000000000000000000e+00 6.549692153930664062e-02 7.369861006736755371e-02 7.724224030971527100e-02 7.959135621786117554e-02 8.105593174695968628e-02 8.021248131990432739e-02
1.191343143582344055e-01 1.199531331658363342e-01 1.193146854639053345e-01 1.176473721861839294e-01 1.157794669270515442e-01 1.185016706585884094e-01 1.206472665071487427e-01 1.211667060852050781e-01 1.198188066482543945e-01 8.463411778211593628e-02 7.661162316799163818e-02 6.549692153930664062e-02 0.000000000000000000e+00 6.422578543424606323e-02 7.141822576522827148e-02 7.745198160409927368e-02 8.402609825134277344e-02 8.764852583408355713e-02
1.173124164342880249e-01 1.181203722953796387e-01 1.174769625067710876e-01 1.158143952488899231e-01 1.139554083347320557e-01 1.166718974709510803e-01 1.188146024942398071e-01 1.193380057811737061e-01 1.179984286427497864e-01 9.020906686782836914e-02 8.353429287672042847e-02 7.369861006736755371e-02 6.422578543424606323e-02 0.000000000000000000e+00 6.498972326517105103e-02 7.472755759954452515e-02 8.364973962306976318e-02 9.022729843854904175e-02
1.199269741773605347e-01 1.207428574562072754e-01 1.201044544577598572e-01 1.184397563338279724e-01 1.165753081440925598e-01 1.192941442131996155e-01 1.214373186230659485e-01 1.219566464424133301e-01 1.206104308366775513e-01 8.834622055292129517e-02 8.471707254648208618e-02 7.724224030971527100e-02 7.141822576522827148e-02 6.498972326517105103e-02 0.000000000000000000e+00 6.695900857448577881e-02 7.746943086385726929e-02 8.564944565296173096e-02
1.221388876438140869e-01 1.229594275355339050e-01 1.223246455192565918e-01 1.206595450639724731e-01 1.187926679849624634e-01 1.215114071965217590e-01 1.236536204814910889e-01 1.241699978709220886e-01 1.228202953934669495e-01 8.139349520206451416e-02 8.191465586423873901e-02 7.959135621786117554e-02 7.745198160409927368e-02 7.472755759954452515e-02 6.695900857448577881e-02 0.000000000000000000e+00 6.828021258115768433e-02 7.748289406299591064e-02
1.227147132158279419e-01 1.235323026776313782e-01 1.228972449898719788e-01 1.212348043918609619e-01 1.193716078996658325e-01 1.220863908529281616e-01 1.242258027195930481e-01 1.247423887252807617e-01 1.233956888318061829e-01 7.462245970964431763e-02 7.804358005523681641e-02 8.105593174695968628e-02 8.402609825134277344e-02 8.364973962306976318e-02 7.746943086385726929e-02 6.828021258115768433e-02 0.000000000000000000e+00 6.820313632488250732e-02
1.211775988340377808e-01 1.219856739044189453e-01 1.213462874293327332e-01 1.196882054209709167e-01 1.178330555558204651e-01 1.205423027276992798e-01 1.226787641644477844e-01 1.231988370418548584e-01 1.218600273132324219e-01 7.221395522356033325e-02 7.394491881132125854e-02 8.021248131990432739e-02 8.764852583408355713e-02 9.022729843854904175e-02 8.564944565296173096e-02 7.748289406299591064e-02 6.820313632488250732e-02 0.000000000000000000e+00
