0.000000000000000000e+00 1.723494827747344971e-01 3.200883567333221436e-01 3.646329343318939209e-01 3.390702605247497559e-01 3.725757300853729248e-01 3.669258952140808105e-01 3.230331838130950928e-01 1.893859505653381348e-01 4.060203135013580322e-01 4.566408991813659668e-01 4.726038873195648193e-01 4.528811275959014893e-01 3.966292738914489746e-01 4.325050711631774902e-01 4.498066902160644531e-01 4.551968574523925781e-01 4.169097244739532471e-01
1.723494827747344971e-01 0.000000000000000000e+00 1.268875896930694580e-01 2.870197296142578125e-01 3.717286288738250732e-01 3.841875791549682617e-01 3.634766638278961182e-01 3.790495097637176514e-01 3.454296588897705078e-01 4.557277560234069824e-01 5.023260712623596191e-01 5.170189738273620605e-01 4.989239275455474854e-01 4.471376836299896240e-01 4.801136851310729980e-01 4.959871768951416016e-01 5.009247660636901855e-01 4.657811522483825684e-01
3.200883567333221436e-01 1.268875896930694580e-01 0.000000000000000000e+00 1.506828963756561279e-01 3.345975279808044434e-01 3.513613939285278320e-01 3.358585536479949951e-01 4.016866087913513184e-01 4.004804491996765137e-01 4.713117182254791260e-01 5.166469812393188477e-01 5.309415459632873535e-01 5.133566856384277344e-01 4.629792869091033936e-01 4.950383007526397705e-01 5.104604959487915039e-01 5.152548551559448242e-01 4.811007082462310791e-01
3.646329343318939209e-01 2.870197296142578125e-01 1.506828963756561279e-01 0.000000000000000000e+00 2.062257081270217896e-01 2.773192524909973145e-01 3.541292548179626465e-01 4.084360897541046143e-01 3.874593675136566162e-01 4.494888782501220703e-01 4.966439902782440186e-01 5.115122795104980469e-01 4.932073950767517090e-01 4.408025443553924561e-01 4.741667509078979492e-01 4.902239739894866943e-01 4.952178895473480225e-01 4.596653580665588379e-01
3.390702605247497559e-01 3.717286288738250732e-01 3.345975279808044434e-01 2.062257081270217896e-01 0.000000000000000000e+00 1.699434518814086914e-01 3.142098486423492432e-01 3.820168077945709229e-01 3.523943126201629639e-01 3.951734900474548340e-01 4.467141330242156982e-01 4.629754126071929932e-01 4.428871273994445801e-01 3.857047259807586670e-01 4.221362173557281494e-01 4.397059977054595947e-01 4.451757073402404785e-01 4.062376916408538818e-01
3.725757300853729248e-01 3.841875791549682617e-01 3.513613939285278320e-01 2.773192524909973145e-01 1.699434518814086914e-01 0.000000000000000000e+00 1.413923650979995728e-01 3.075980246067047119e-01 3.610528111457824707e-01 4.300448000431060791e-01 4.787024557590484619e-01 4.940426051616668701e-01 4.751108586788177490e-01 4.210027754306793213e-01 4.555060267448425293e-01 4.721342027187347412e-01 4.773131608963012695e-01 4.405322968959808350e-01
3.669258952140808105e-01 3.634766638278961182e-01 3.358585536479949951e-01 3.541292548179626465e-01 3.142098486423492432e-01 1.413923650979995728e-01 0.000000000000000000e+00 1.378140449523925781e-01 2.975322902202606201e-01 4.478206038475036621e-01 4.949795007705688477e-01 5.098435878753662109e-01 4.915027320384979248e-01 4.390223920345306396e-01 4.724994599819183350e-01 4.886306524276733398e-01 4.936559200286865234e-01 4.579971134662628174e-01
3.230331838130950928e-01 3.790495097637176514e-01 4.016866087913513184e-01 4.084360897541046143e-01 3.820168077945709229e-01 3.075980246067047119e-01 1.378140449523925781e-01 0.000000000000000000e+00 1.569309234619140625e-01 4.514373838901519775e-01 4.983043968677520752e-01 5.130758285522460938e-01 4.948536455631256104e-01 4.426921010017395020e-01 4.759641289710998535e-01 4.919942319393157959e-01 4.969876110553741455e-01 4.615546166896820068e-01
1.893859505653381348e-01 3.454296588897705078e-01 4.004804491996765137e-01 3.874593675136566162e-01 3.523943126201629639e-01 3.610528111457824707e-01 2.975322902202606201e-01 1.569309234619140625e-01 0.000000000000000000e+00 4.146848022937774658e-01 4.646389782428741455e-01 4.803908765316009521e-01 4.609484374523162842e-01 4.054312109947204590e-01 4.408229291439056396e-01 4.578811526298522949e-01 4.631930887699127197e-01 4.254418015480041504e-01
4.060203135013580322e-01 4.557277560234069824e-01 4.713117182254791260e-01 4.494888782501220703e-01 3.951734900474548340e-01 4.300448000431060791e-01 4.478206038475036621e-01 4.514373838901519775e-01 4.146848022937774658e-01 0.000000000000000000e+00 1.728190481662750244e-01 3.185082376003265381e-01 3.654475510120391846e-01 3.371809720993041992e-01 3.701844215393066406e-01 3.639904260635375977e-01 3.247369527816772461e-01 1.883945316076278687e-01
4.566408991813659668e-01 5.023260712623596191e-01 5.166469812393188477e-01 4.966439902782440186e-01 4.467141330242156982e-01 4.787024557590484619e-01 4.949795007705688477e-01 4.983043968677520752e-01 4.646389782428741455e-01 1.728190481662750244e-01 0.000000000000000000e+00 1.303505003452301025e-01 2.909763157367706299e-01 3.711219429969787598e-01 3.825569152832031250e-01 3.613226413726806641e-01 3.784380257129669189e-01 3.442907929420471191e-01
4.726038873195648193e-01 5.170189738273620605e-01 5.309415459632873535e-01 5.115122795104980469e-01 4.629754126071929932e-01 4.940426051616668701e-01 5.098435878753662109e-01 5.130758285522460938e-01 4.803908765316009521e-01 3.185082376003265381e-01 1.303505003452301025e-01 0.000000000000000000e+00 1.488830000162124634e-01 3.328157663345336914e-01 3.476669490337371826e-01 3.319175839424133301e-01 4.011066257953643799e-01 3.983741402626037598e-01
4.528811275959014893e-01 4.989239275455474854e-01 5.133566856384277344e-01 4.932073950767517090e-01 4.428871273994445801e-01 4.751108586788177490e-01 4.915027320384979248e-01 4.948536455631256104e-01 4.609484374523162842e-01 3.654475510120391846e-01 2.909763157367706299e-01 1.488830000162124634e-01 0.000000000000000000e+00 2.063967883586883545e-01 2.770005464553833008e-01 3.521839380264282227e-01 4.098844528198242188e-01 3.879067003726959229e-01
3.966292738914489746e-01 4.471376836299896240e-01 4.629792869091033936e-01 4.408025443553924561e-01 3.857047259807586670e-01 4.210027754306793213e-01 4.390223920345306396e-01 4.426921010017395020e-01 4.054312109947204590e-01 3.371809720993041992e-01 3.711219429969787598e-01 3.328157663345336914e-01 2.063967883586883545e-01 0.000000000000000000e+00 1.698853075504302979e-01 3.107238113880157471e-01 3.826322555541992188e-01 3.513127863407135010e-01
4.325050711631774902e-01 4.801136851310729980e-01 4.950383007526397705e-01 4.741667509078979492e-01 4.221362173557281494e-01 4.555060267448425293e-01 4.724994599819183350e-01 4.759641289710998535e-01 4.408229291439056396e-01 3.701844215393066406e-01 3.825569152832031250e-01 3.476669490337371826e-01 2.770005464553833008e-01 1.698853075504302979e-01 0.000000000000000000e+00 1.370726227760314941e-01 3.077517151832580566e-01 3.595483899116516113e-01
4.498066902160644531e-01 4.959871768951416016e-01 5.104604959487915039e-01 4.902239739894866943e-01 4.397059977054595947e-01 4.721342027187347412e-01 4.886306524276733398e-01 4.919942319393157959e-01 4.578811526298522949e-01 3.639904260635375977e-01 3.613226413726806641e-01 3.319175839424133301e-01 3.521839380264282227e-01 3.107238113880157471e-01 1.370726227760314941e-01 0.000000000000000000e+00 1.399906426668167114e-01 2.966602742671966553e-01
4.551968574523925781e-01 5.009247660636901855e-01 5.152548551559448242e-01 4.952178895473480225e-01 4.451757073402404785e-01 4.773131608963012695e-01 4.936559200286865234e-01 4.969876110553741455e-01 4.631930887699127197e-01 3.247369527816772461e-01 3.784380257129669189e-01 4.011066257953643799e-01 4.098844528198242188e-01 3.826322555541992188e-01 3.077517151832580566e-01 1.399906426668167114e-01 0.000000000000000000e+00 1.576450765132904053e-01
4.169097244739532471e-01 4.657811522483825684e-01 4.811007082462310791e-01 4.596653580665588379e-01 4.062376916408538818e-01 4.405322968959808350e-01 4.579971134662628174e-01 4.615546166896820068e-01 4.254418015480041504e-01 1.883945316076278687e-01 3.442907929420471191e-01 3.983741402626037598e-01 3.879067003726959229e-01 3.513127863407135010e-01 3.595483899116516113e-01 2.966602742671966553e-01 1.576450765132904053e-01 0.000000000000000000e+00
