0.000000000000000000e+00 1.172695457935333252e-01 2.317305803298950195e-01 2.873859703540802002e-01 3.613646030426025391e-01 3.159405887126922607e-01 2.472757846117019653e-01 1.591463834047317505e-01 7.880400866270065308e-02 4.433259069919586182e-01 4.830933213233947754e-01 4.843226671218872070e-01 4.650407135486602783e-01 4.237694442272186279e-01 4.684467017650604248e-01 4.642456173896789551e-01 4.584237039089202881e-01 4.554911553859710693e-01
1.172695457935333252e-01 0.000000000000000000e+00 1.009549349546432495e-01 2.163221687078475952e-01 3.476113379001617432e-01 2.753856182098388672e-01 2.215860635042190552e-01 1.824030727148056030e-01 1.789198219776153564e-01 4.788637459278106689e-01 5.162765383720397949e-01 5.174500346183776855e-01 4.992119073867797852e-01 4.604330956935882568e-01 5.024449825286865234e-01 4.986209571361541748e-01 4.931053519248962402e-01 4.903085231781005859e-01
2.317305803298950195e-01 1.009549349546432495e-01 0.000000000000000000e+00 1.119508519768714905e-01 2.709091901779174805e-01 2.044795751571655273e-01 1.917737424373626709e-01 2.277122586965560913e-01 2.593874633312225342e-01 4.817021787166595459e-01 5.189567208290100098e-01 5.201280117034912109e-01 5.019330978393554688e-01 4.633244872093200684e-01 5.051572322845458984e-01 5.013843774795532227e-01 4.958884418010711670e-01 4.931138157844543457e-01
2.873859703540802002e-01 2.163221687078475952e-01 1.119508519768714905e-01 0.000000000000000000e+00 1.678264439105987549e-01 1.252798438072204590e-01 1.884760111570358276e-01 2.696169614791870117e-01 3.052567839622497559e-01 4.597065150737762451e-01 4.983511567115783691e-01 4.995292425155639648e-01 4.807192087173461914e-01 4.406425654888153076e-01 4.840589463710784912e-01 4.800421893596649170e-01 4.743904769420623779e-01 4.715395569801330566e-01
3.613646030426025391e-01 3.476113379001617432e-01 2.709091901779174805e-01 1.678264439105987549e-01 0.000000000000000000e+00 1.486955285072326660e-01 2.350066751241683960e-01 3.380127251148223877e-01 3.556916713714599609e-01 4.322487115859985352e-01 4.727718830108642578e-01 4.739469289779663086e-01 4.542468786239624023e-01 4.123542606830596924e-01 4.578488171100616455e-01 4.536279439926147461e-01 4.477396309375762939e-01 4.445827603340148926e-01
3.159405887126922607e-01 2.753856182098388672e-01 2.044795751571655273e-01 1.252798438072204590e-01 1.486955285072326660e-01 0.000000000000000000e+00 1.046691313385963440e-01 2.440292835235595703e-01 3.023755252361297607e-01 4.748519361019134521e-01 5.124207139015197754e-01 5.135682821273803711e-01 4.952847361564636230e-01 4.562960863113403320e-01 4.985274374485015869e-01 4.946315884590148926e-01 4.891422688961029053e-01 4.863655269145965576e-01
2.472757846117019653e-01 2.215860635042190552e-01 1.917737424373626709e-01 1.884760111570358276e-01 2.350066751241683960e-01 1.046691313385963440e-01 0.000000000000000000e+00 1.162035763263702393e-01 2.051136344671249390e-01 4.616365134716033936e-01 5.002440214157104492e-01 5.014306902885437012e-01 4.826336801052093506e-01 4.426705241203308105e-01 4.860266149044036865e-01 4.820693731307983398e-01 4.764021039009094238e-01 4.734275043010711670e-01
1.591463834047317505e-01 1.824030727148056030e-01 2.277122586965560913e-01 2.696169614791870117e-01 3.380127251148223877e-01 2.440292835235595703e-01 1.162035763263702393e-01 0.000000000000000000e+00 1.040719971060752869e-01 4.538926482200622559e-01 4.930096268653869629e-01 4.941969811916351318e-01 4.751802384853363037e-01 4.347473084926605225e-01 4.786456227302551270e-01 4.746124148368835449e-01 4.688841104507446289e-01 4.657993316650390625e-01
7.880400866270065308e-02 1.789198219776153564e-01 2.593874633312225342e-01 3.052567839622497559e-01 3.556916713714599609e-01 3.023755252361297607e-01 2.051136344671249390e-01 1.040719971060752869e-01 0.000000000000000000e+00 4.506246745586395264e-01 4.899562895298004150e-01 4.911765754222869873e-01 4.720641374588012695e-01 4.312815368175506592e-01 4.754624664783477783e-01 4.713706970214843750e-01 4.656031131744384766e-01 4.626607596874237061e-01
4.433259069919586182e-01 4.788637459278106689e-01 4.817021787166595459e-01 4.597065150737762451e-01 4.322487115859985352e-01 4.748519361019134521e-01 4.616365134716033936e-01 4.538926482200622559e-01 4.506246745586395264e-01 0.000000000000000000e+00 1.239957585930824280e-01 2.316719293594360352e-01 2.923092544078826904e-01 3.510643243789672852e-01 3.095920085906982422e-01 2.488778531551361084e-01 1.605011075735092163e-01 8.405730873346328735e-02
4.830933213233947754e-01 5.162765383720397949e-01 5.189567208290100098e-01 4.983511567115783691e-01 4.727718830108642578e-01 5.124207139015197754e-01 5.002440214157104492e-01 4.930096268653869629e-01 4.899562895298004150e-01 1.239957585930824280e-01 0.000000000000000000e+00 1.066890880465507507e-01 2.279210537672042847e-01 3.401527404785156250e-01 2.683402001857757568e-01 2.207683473825454712e-01 1.787761002779006958e-01 1.853020340204238892e-01
4.843226671218872070e-01 5.174500346183776855e-01 5.201280117034912109e-01 4.995292425155639648e-01 4.739469289779663086e-01 5.135682821273803711e-01 5.014306902885437012e-01 4.941969811916351318e-01 4.911765754222869873e-01 2.316719293594360352e-01 1.066890880465507507e-01 0.000000000000000000e+00 1.156086847186088562e-01 2.580140829086303711e-01 1.915637850761413574e-01 1.828134506940841675e-01 2.203669548034667969e-01 2.605699598789215088e-01
4.650407135486602783e-01 4.992119073867797852e-01 5.019330978393554688e-01 4.807192087173461914e-01 4.542468786239624023e-01 4.952847361564636230e-01 4.826336801052093506e-01 4.751802384853363037e-01 4.720641374588012695e-01 2.923092544078826904e-01 2.279210537672042847e-01 1.156086847186088562e-01 0.000000000000000000e+00 1.526002287864685059e-01 1.160409599542617798e-01 1.782650500535964966e-01 2.693177461624145508e-01 3.113059401512145996e-01
4.237694442272186279e-01 4.604330956935882568e-01 4.633244872093200684e-01 4.406425654888153076e-01 4.123542606830596924e-01 4.562960863113403320e-01 4.426705241203308105e-01 4.347473084926605225e-01 4.312815368175506592e-01 3.510643243789672852e-01 3.401527404785156250e-01 2.580140829086303711e-01 1.526002287864685059e-01 0.000000000000000000e+00 1.453294157981872559e-01 2.281332463026046753e-01 3.277322351932525635e-01 3.539788126945495605e-01
4.684467017650604248e-01 5.024449825286865234e-01 5.051572322845458984e-01 4.840589463710784912e-01 4.578488171100616455e-01 4.985274374485015869e-01 4.860266149044036865e-01 4.786456227302551270e-01 4.754624664783477783e-01 3.095920085906982422e-01 2.683402001857757568e-01 1.915637850761413574e-01 1.160409599542617798e-01 1.453294157981872559e-01 0.000000000000000000e+00 9.288195520639419556e-02 2.313686162233352661e-01 3.004903495311737061e-01
4.642456173896789551e-01 4.986209571361541748e-01 5.013843774795532227e-01 4.800421893596649170e-01 4.536279439926147461e-01 4.946315884590148926e-01 4.820693731307983398e-01 4.746124148368835449e-01 4.713706970214843750e-01 2.488778531551361084e-01 2.207683473825454712e-01 1.828134506940841675e-01 1.782650500535964966e-01 2.281332463026046753e-01 9.288195520639419556e-02 0.000000000000000000e+00 1.191546171903610229e-01 2.146265804767608643e-01
4.584237039089202881e-01 4.931053519248962402e-01 4.958884418010711670e-01 4.743904769420623779e-01 4.477396309375762939e-01 4.891422688961029053e-01 4.764021039009094238e-01 4.688841104507446289e-01 4.656031131744384766e-01 1.605011075735092163e-01 1.787761002779006958e-01 2.203669548034667969e-01 2.693177461624145508e-01 3.277322351932525635e-01 2.313686162233352661e-01 1.191546171903610229e-01 0.000000000000000000e+00 1.063049808144569397e-01
4.554911553859710693e-01 4.903085231781005859e-01 4.931138157844543457e-01 4.715395569801330566e-01 4.445827603340148926e-01 4.863655269145965576e-01 4.734275043010711670e-01 4.657993316650390625e-01 4.626607596874237061e-01 8.405730873346328735e-02 1.853020340204238892e-01 2.605699598789215088e-01 3.113059401512145996e-01 3.539788126945495605e-01 3.004903495311737061e-01 2.146265804767608643e-01 1.063049808144569397e-01 0.000000000000000000e+00
