0.000000000000000000e+00 5.775603055953979492e-01 6.387340426445007324e-01 6.681211590766906738e-01 6.863927841186523438e-01 6.177960634231567383e-01 6.580236554145812988e-01 6.630436182022094727e-01 6.002675890922546387e-01 6.330620646476745605e-01 6.586943864822387695e-01 6.319378614425659180e-01 6.612137556076049805e-01 6.977872252464294434e-01 6.624205112457275391e-01 6.211743950843811035e-01 6.695927977561950684e-01 6.322776079177856445e-01
5.775603055953979492e-01 0.000000000000000000e+00 6.001939177513122559e-01 6.588578820228576660e-01 6.980792284011840820e-01 6.402339339256286621e-01 6.468032598495483398e-01 6.096494197845458984e-01 6.298148632049560547e-01 6.202316284179687500e-01 6.053147315979003906e-01 6.791064739227294922e-01 6.737542748451232910e-01 7.090808749198913574e-01 6.744918227195739746e-01 6.676312685012817383e-01 6.626662611961364746e-01 6.300955414772033691e-01
6.387340426445007324e-01 6.001939177513122559e-01 0.000000000000000000e+00 6.505151391029357910e-01 7.097675204277038574e-01 6.258723735809326172e-01 6.534217000007629395e-01 6.669793725013732910e-01 6.303474903106689453e-01 6.575244665145874023e-01 6.707675457000732422e-01 6.512506008148193359e-01 6.542779803276062012e-01 6.861830949783325195e-01 6.768578290939331055e-01 6.450814604759216309e-01 6.725299954414367676e-01 6.330083608627319336e-01
6.681211590766906738e-01 6.588578820228576660e-01 6.505151391029357910e-01 0.000000000000000000e+00 6.472037434577941895e-01 5.969499945640563965e-01 6.089426875114440918e-01 6.234669685363769531e-01 6.297364830970764160e-01 6.873072981834411621e-01 6.712579131126403809e-01 6.431201696395874023e-01 6.801002621650695801e-01 6.836479902267456055e-01 6.628199219703674316e-01 6.490141749382019043e-01 6.452941894531250000e-01 6.406790018081665039e-01
6.863927841186523438e-01 6.980792284011840820e-01 7.097675204277038574e-01 6.472037434577941895e-01 0.000000000000000000e+00 6.734757423400878906e-01 6.665773391723632812e-01 7.291790843009948730e-01 6.883406639099121094e-01 7.291438579559326172e-01 6.593899726867675781e-01 6.662803292274475098e-01 6.765915751457214355e-01 6.594325304031372070e-01 6.539740562438964844e-01 7.092126011848449707e-01 7.068151235580444336e-01 7.039144039154052734e-01
6.177960634231567383e-01 6.402339339256286621e-01 6.258723735809326172e-01 5.969499945640563965e-01 6.734757423400878906e-01 0.000000000000000000e+00 6.211788654327392578e-01 6.852065324783325195e-01 6.309695243835449219e-01 7.034916877746582031e-01 6.492189764976501465e-01 6.412704586982727051e-01 6.314609646797180176e-01 6.787054538726806641e-01 6.564720273017883301e-01 6.458016037940979004e-01 6.466953754425048828e-01 6.226935386657714844e-01
6.580236554145812988e-01 6.468032598495483398e-01 6.534217000007629395e-01 6.089426875114440918e-01 6.665773391723632812e-01 6.211788654327392578e-01 0.000000000000000000e+00 5.986874699592590332e-01 6.135447621345520020e-01 6.576554179191589355e-01 6.079645156860351562e-01 6.255972981452941895e-01 6.240626573562622070e-01 6.582484245300292969e-01 6.326315999031066895e-01 6.887407302856445312e-01 6.112881898880004883e-01 6.592406034469604492e-01
6.630436182022094727e-01 6.096494197845458984e-01 6.669793725013732910e-01 6.234669685363769531e-01 7.291790843009948730e-01 6.852065324783325195e-01 5.986874699592590332e-01 0.000000000000000000e+00 5.999650955200195312e-01 6.425199508666992188e-01 6.422349810600280762e-01 6.177721619606018066e-01 6.419464349746704102e-01 6.976036429405212402e-01 6.835805773735046387e-01 6.514139771461486816e-01 6.661543250083923340e-01 6.695572137832641602e-01
6.002675890922546387e-01 6.298148632049560547e-01 6.303474903106689453e-01 6.297364830970764160e-01 6.883406639099121094e-01 6.309695243835449219e-01 6.135447621345520020e-01 5.999650955200195312e-01 0.000000000000000000e+00 6.623367667198181152e-01 6.632561683654785156e-01 6.616007089614868164e-01 6.519808769226074219e-01 7.014710903167724609e-01 6.745120882987976074e-01 6.489127874374389648e-01 6.737176775932312012e-01 5.850896239280700684e-01
6.330620646476745605e-01 6.202316284179687500e-01 6.575244665145874023e-01 6.873072981834411621e-01 7.291438579559326172e-01 7.034916877746582031e-01 6.576554179191589355e-01 6.425199508666992188e-01 6.623367667198181152e-01 0.000000000000000000e+00 5.957646369934082031e-01 6.441546678543090820e-01 6.615517139434814453e-01 6.910609602928161621e-01 6.292253732681274414e-01 6.701917052268981934e-01 5.845031738281250000e-01 6.222165822982788086e-01
6.586943864822387695e-01 6.053147315979003906e-01 6.707675457000732422e-01 6.712579131126403809e-01 6.593899726867675781e-01 6.492189764976501465e-01 6.079645156860351562e-01 6.422349810600280762e-01 6.632561683654785156e-01 5.957646369934082031e-01 0.000000000000000000e+00 5.781866312026977539e-01 6.466546654701232910e-01 6.479705572128295898e-01 5.938522219657897949e-01 6.248605251312255859e-01 5.852415561676025391e-01 6.124733686447143555e-01
6.319378614425659180e-01 6.791064739227294922e-01 6.512506008148193359e-01 6.431201696395874023e-01 6.662803292274475098e-01 6.412704586982727051e-01 6.255972981452941895e-01 6.177721619606018066e-01 6.616007089614868164e-01 6.441546678543090820e-01 5.781866312026977539e-01 0.000000000000000000e+00 5.781283378601074219e-01 6.616687774658203125e-01 6.477583050727844238e-01 6.160888075828552246e-01 6.193929314613342285e-01 6.313737630844116211e-01
6.612137556076049805e-01 6.737542748451232910e-01 6.542779803276062012e-01 6.801002621650695801e-01 6.765915751457214355e-01 6.314609646797180176e-01 6.240626573562622070e-01 6.419464349746704102e-01 6.519808769226074219e-01 6.615517139434814453e-01 6.466546654701232910e-01 5.781283378601074219e-01 0.000000000000000000e+00 6.124045252799987793e-01 5.781674385070800781e-01 6.020319461822509766e-01 6.100496649742126465e-01 6.351692080497741699e-01
6.977872252464294434e-01 7.090808749198913574e-01 6.861830949783325195e-01 6.836479902267456055e-01 6.594325304031372070e-01 6.787054538726806641e-01 6.582484245300292969e-01 6.976036429405212402e-01 7.014710903167724609e-01 6.910609602928161621e-01 6.479705572128295898e-01 6.616687774658203125e-01 6.124045252799987793e-01 0.000000000000000000e+00 6.587982773780822754e-01 6.521481871604919434e-01 6.794682741165161133e-01 7.398844361305236816e-01
6.624205112457275391e-01 6.744918227195739746e-01 6.768578290939331055e-01 6.628199219703674316e-01 6.539740562438964844e-01 6.564720273017883301e-01 6.326315999031066895e-01 6.835805773735046387e-01 6.745120882987976074e-01 6.292253732681274414e-01 5.938522219657897949e-01 6.477583050727844238e-01 5.781674385070800781e-01 6.587982773780822754e-01 0.000000000000000000e+00 6.021009683609008789e-01 6.262618303298950195e-01 7.138659954071044922e-01
6.211743950843811035e-01 6.676312685012817383e-01 6.450814604759216309e-01 6.490141749382019043e-01 7.092126011848449707e-01 6.458016037940979004e-01 6.887407302856445312e-01 6.514139771461486816e-01 6.489127874374389648e-01 6.701917052268981934e-01 6.248605251312255859e-01 6.160888075828552246e-01 6.020319461822509766e-01 6.521481871604919434e-01 6.021009683609008789e-01 0.000000000000000000e+00 5.885175466537475586e-01 6.112430691719055176e-01
6.695927977561950684e-01 6.626662611961364746e-01 6.725299954414367676e-01 6.452941894531250000e-01 7.068151235580444336e-01 6.466953754425048828e-01 6.112881898880004883e-01 6.661543250083923340e-01 6.737176775932312012e-01 5.845031738281250000e-01 5.852415561676025391e-01 6.193929314613342285e-01 6.100496649742126465e-01 6.794682741165161133e-01 6.262618303298950195e-01 5.885175466537475586e-01 0.000000000000000000e+00 5.903176665306091309e-01
6.322776079177856445e-01 6.300955414772033691e-01 6.330083608627319336e-01 6.406790018081665039e-01 7.039144039154052734e-01 6.226935386657714844e-01 6.592406034469604492e-01 6.695572137832641602e-01 5.850896239280700684e-01 6.222165822982788086e-01 6.124733686447143555e-01 6.313737630844116211e-01 6.351692080497741699e-01 7.398844361305236816e-01 7.138659954071044922e-01 6.112430691719055176e-01 5.903176665306091309e-01 0.000000000000000000e+00
