0.000000000000000000e+00 6.707028951495885849e-03 6.785856559872627258e-03 6.778778973966836929e-03 6.762546952813863754e-03 6.696712225675582886e-03 6.633808836340904236e-03 6.689085625112056732e-03 6.863971706479787827e-03 1.827152445912361145e-02 1.786463148891925812e-02 1.775041036307811737e-02 1.798216253519058228e-02 1.835422031581401825e-02 1.794397830963134766e-02 1.769928820431232452e-02 1.779473014175891876e-02 1.822906546294689178e-02
6.707028951495885849e-03 0.000000000000000000e+00 6.594684440642595291e-03 6.733280140906572342e-03 6.706672720611095428e-03 6.675299257040023804e-03 6.640159990638494492e-03 6.681954022496938705e-03 6.767511367797851562e-03 1.787266694009304047e-02 1.746675744652748108e-02 1.735271513462066650e-02 1.758366636931896210e-02 1.795474067330360413e-02 1.754529774188995361e-02 1.730117015540599823e-02 1.739650592207908630e-02 1.783014275133609772e-02
6.785856559872627258e-03 6.594684440642595291e-03 0.000000000000000000e+00 6.515423767268657684e-03 6.621565204113721848e-03 6.591614801436662674e-03 6.565087009221315384e-03 6.614871788769960403e-03 6.707157008349895477e-03 1.776419579982757568e-02 1.735848933458328247e-02 1.724448613822460175e-02 1.747527346014976501e-02 1.784614846110343933e-02 1.743686571717262268e-02 1.719284616410732269e-02 1.728815771639347076e-02 1.772165670990943909e-02
6.778778973966836929e-03 6.733280140906572342e-03 6.515423767268657684e-03 0.000000000000000000e+00 6.378863938152790070e-03 6.471552420407533646e-03 6.474491208791732788e-03 6.574842613190412521e-03 6.690822076052427292e-03 1.798766665160655975e-02 1.758114434778690338e-02 1.746699586510658264e-02 1.769844815135002136e-02 1.807013712823390961e-02 1.766017824411392212e-02 1.741568185389041901e-02 1.751107908785343170e-02 1.794517599046230316e-02
6.762546952813863754e-03 6.706672720611095428e-03 6.621565204113721848e-03 6.378863938152790070e-03 0.000000000000000000e+00 6.257937755435705185e-03 6.397763732820749283e-03 6.487372331321239471e-03 6.652397103607654572e-03 1.836007088422775269e-02 1.795246824622154236e-02 1.783812791109085083e-02 1.807046122848987579e-02 1.844322495162487030e-02 1.803238131105899811e-02 1.778726093471050262e-02 1.788277551531791687e-02 1.831764914095401764e-02
6.696712225675582886e-03 6.675299257040023804e-03 6.591614801436662674e-03 6.471552420407533646e-03 6.257937755435705185e-03 0.000000000000000000e+00 6.178100593388080597e-03 6.440252065658569336e-03 6.588094402104616165e-03 1.796605624258518219e-02 1.755928061902523041e-02 1.744508184492588043e-02 1.767673157155513763e-02 1.804866828024387360e-02 1.763849519193172455e-02 1.739385165274143219e-02 1.748928241431713104e-02 1.792357489466667175e-02
6.633808836340904236e-03 6.640159990638494492e-03 6.565087009221315384e-03 6.474491208791732788e-03 6.397763732820749283e-03 6.178100593388080597e-03 0.000000000000000000e+00 6.234325002878904343e-03 6.538175512105226517e-03 1.770483143627643585e-02 1.729870773851871490e-02 1.718461699783802032e-02 1.741572283208370209e-02 1.778700388967990875e-02 1.737736910581588745e-02 1.713311485946178436e-02 1.722848229110240936e-02 1.766230538487434387e-02
6.689085625112056732e-03 6.681954022496938705e-03 6.614871788769960403e-03 6.574842613190412521e-03 6.487372331321239471e-03 6.440252065658569336e-03 6.234325002878904343e-03 0.000000000000000000e+00 6.457618903368711472e-03 1.780450530350208282e-02 1.739827170968055725e-02 1.728416047990322113e-02 1.751535385847091675e-02 1.788674481213092804e-02 1.747702807188034058e-02 1.723271794617176056e-02 1.732809841632843018e-02 1.776198856532573700e-02
6.863971706479787827e-03 6.767511367797851562e-03 6.707157008349895477e-03 6.690822076052427292e-03 6.652397103607654572e-03 6.588094402104616165e-03 6.538175512105226517e-03 6.457618903368711472e-03 0.000000000000000000e+00 1.823269203305244446e-02 1.782569102942943573e-02 1.771144941449165344e-02 1.794328540563583374e-02 1.831544563174247742e-02 1.790511049330234528e-02 1.766035705804824829e-02 1.775581203401088715e-02 1.819023489952087402e-02
1.827152445912361145e-02 1.787266694009304047e-02 1.776419579982757568e-02 1.798766665160655975e-02 1.836007088422775269e-02 1.796605624258518219e-02 1.770483143627643585e-02 1.780450530350208282e-02 1.823269203305244446e-02 0.000000000000000000e+00 6.702087819576263428e-03 6.806162185966968536e-03 6.779027171432971954e-03 6.762440782040357590e-03 6.702941376715898514e-03 6.639961618930101395e-03 6.694750394672155380e-03 6.881735753268003464e-03
1.786463148891925812e-02 1.746675744652748108e-02 1.735848933458328247e-02 1.758114434778690338e-02 1.795246824622154236e-02 1.755928061902523041e-02 1.729870773851871490e-02 1.739827170968055725e-02 1.782569102942943573e-02 6.702087819576263428e-03 0.000000000000000000e+00 6.612956058233976364e-03 6.743922363966703415e-03 6.720789242535829544e-03 6.687609013170003891e-03 6.654929369688034058e-03 6.702062673866748810e-03 6.782867945730686188e-03
1.775041036307811737e-02 1.735271513462066650e-02 1.724448613822460175e-02 1.746699586510658264e-02 1.783812791109085083e-02 1.744508184492588043e-02 1.718461699783802032e-02 1.728416047990322113e-02 1.771144941449165344e-02 6.806162185966968536e-03 6.612956058233976364e-03 0.000000000000000000e+00 6.522267125546932220e-03 6.626542657613754272e-03 6.588743533939123154e-03 6.569430232048034668e-03 6.623151246458292007e-03 6.721232086420059204e-03
1.798216253519058228e-02 1.758366636931896210e-02 1.747527346014976501e-02 1.769844815135002136e-02 1.807046122848987579e-02 1.767673157155513763e-02 1.741572283208370209e-02 1.751535385847091675e-02 1.794328540563583374e-02 6.779027171432971954e-03 6.743922363966703415e-03 6.522267125546932220e-03 0.000000000000000000e+00 6.388053763657808304e-03 6.468431558459997177e-03 6.484847515821456909e-03 6.572020240128040314e-03 6.695919204503297806e-03
1.835422031581401825e-02 1.795474067330360413e-02 1.784614846110343933e-02 1.807013712823390961e-02 1.844322495162487030e-02 1.804866828024387360e-02 1.778700388967990875e-02 1.788674481213092804e-02 1.831544563174247742e-02 6.762440782040357590e-03 6.720789242535829544e-03 6.626542657613754272e-03 6.388053763657808304e-03 0.000000000000000000e+00 6.252451334148645401e-03 6.410641595721244812e-03 6.502618081867694855e-03 6.660644430667161942e-03
1.794397830963134766e-02 1.754529774188995361e-02 1.743686571717262268e-02 1.766017824411392212e-02 1.803238131105899811e-02 1.763849519193172455e-02 1.737736910581588745e-02 1.747702807188034058e-02 1.790511049330234528e-02 6.702941376715898514e-03 6.687609013170003891e-03 6.588743533939123154e-03 6.468431558459997177e-03 6.252451334148645401e-03 0.000000000000000000e+00 6.189826875925064087e-03 6.449528038501739502e-03 6.598146632313728333e-03
1.769928820431232452e-02 1.730117015540599823e-02 1.719284616410732269e-02 1.741568185389041901e-02 1.778726093471050262e-02 1.739385165274143219e-02 1.713311485946178436e-02 1.723271794617176056e-02 1.766035705804824829e-02 6.639961618930101395e-03 6.654929369688034058e-03 6.569430232048034668e-03 6.484847515821456909e-03 6.410641595721244812e-03 6.189826875925064087e-03 0.000000000000000000e+00 6.245485041290521622e-03 6.563464645296335220e-03
1.779473014175891876e-02 1.739650592207908630e-02 1.728815771639347076e-02 1.751107908785343170e-02 1.788277551531791687e-02 1.748928241431713104e-02 1.722848229110240936e-02 1.732809841632843018e-02 1.775581203401088715e-02 6.694750394672155380e-03 6.702062673866748810e-03 6.623151246458292007e-03 6.572020240128040314e-03 6.502618081867694855e-03 6.449528038501739502e-03 6.245485041290521622e-03 0.000000000000000000e+00 6.469088606536388397e-03
1.822906546294689178e-02 1.783014275133609772e-02 1.772165670990943909e-02 1.794517599046230316e-02 1.831764914095401764e-02 1.792357489466667175e-02 1.766230538487434387e-02 1.776198856532573700e-02 1.819023489952087402e-02 6.881735753268003464e-03 6.782867945730686188e-03 6.721232086420059204e-03 6.695919204503297806e-03 6.660644430667161942e-03 6.598146632313728333e-03 6.563464645296335220e-03 6.469088606536388397e-03 0.000000000000000000e+00
