0.000000000000000000e+00 8.656013011932373047e-01 7.965045571327209473e-01 8.297818303108215332e-01 7.936587929725646973e-01 8.052313923835754395e-01 8.310086131095886230e-01 8.069832921028137207e-01 8.250011205673217773e-01 8.561586737632751465e-01 8.680561780929565430e-01 7.903611063957214355e-01 8.411428928375244141e-01 8.501214385032653809e-01 8.116523623466491699e-01 8.137170076370239258e-01 8.413984775543212891e-01 7.889318466186523438e-01
8.656013011932373047e-01 0.000000000000000000e+00 8.511646389961242676e-01 8.504210710525512695e-01 8.158249258995056152e-01 8.632471561431884766e-01 8.177229166030883789e-01 8.498614430427551270e-01 8.028550148010253906e-01 8.069317936897277832e-01 8.027043938636779785e-01 8.580175638198852539e-01 8.882349729537963867e-01 8.895823359489440918e-01 8.705727458000183105e-01 8.433814644813537598e-01 8.224507570266723633e-01 8.625986576080322266e-01
7.965045571327209473e-01 8.511646389961242676e-01 0.000000000000000000e+00 8.324990272521972656e-01 8.463054895401000977e-01 8.568976521492004395e-01 7.991905212402343750e-01 8.195214867591857910e-01 8.236628770828247070e-01 8.419591188430786133e-01 8.485022783279418945e-01 8.373278379440307617e-01 8.256849646568298340e-01 8.496949076652526855e-01 8.668425083160400391e-01 8.270496129989624023e-01 8.433654308319091797e-01 8.442032337188720703e-01
8.297818303108215332e-01 8.504210710525512695e-01 8.324990272521972656e-01 0.000000000000000000e+00 7.905616164207458496e-01 8.686664700508117676e-01 8.338268995285034180e-01 7.992624640464782715e-01 8.362834453582763672e-01 8.176404833793640137e-01 8.116462230682373047e-01 8.560673594474792480e-01 8.156288266181945801e-01 8.490915298461914062e-01 8.235023617744445801e-01 8.406692743301391602e-01 8.009487986564636230e-01 8.262385129928588867e-01
7.936587929725646973e-01 8.158249258995056152e-01 8.463054895401000977e-01 7.905616164207458496e-01 0.000000000000000000e+00 8.078852891921997070e-01 8.290500044822692871e-01 7.859612703323364258e-01 8.006193637847900391e-01 8.208345174789428711e-01 8.231835961341857910e-01 8.384898900985717773e-01 8.234197497367858887e-01 8.647915720939636230e-01 8.061674237251281738e-01 8.110921978950500488e-01 8.130513429641723633e-01 8.499056100845336914e-01
8.052313923835754395e-01 8.632471561431884766e-01 8.568976521492004395e-01 8.686664700508117676e-01 8.078852891921997070e-01 0.000000000000000000e+00 9.004337787628173828e-01 8.067069053649902344e-01 8.755199909210205078e-01 8.042417168617248535e-01 8.603786826133728027e-01 8.339753746986389160e-01 8.773930072784423828e-01 8.532717227935791016e-01 8.706341981887817383e-01 8.296328783035278320e-01 8.193508982658386230e-01 8.561284542083740234e-01
8.310086131095886230e-01 8.177229166030883789e-01 7.991905212402343750e-01 8.338268995285034180e-01 8.290500044822692871e-01 9.004337787628173828e-01 0.000000000000000000e+00 8.508166670799255371e-01 8.877047896385192871e-01 8.189011216163635254e-01 8.267587423324584961e-01 8.282974362373352051e-01 8.395898342132568359e-01 8.899201154708862305e-01 8.621326684951782227e-01 8.012548089027404785e-01 8.060418963432312012e-01 8.100442290306091309e-01
8.069832921028137207e-01 8.498614430427551270e-01 8.195214867591857910e-01 7.992624640464782715e-01 7.859612703323364258e-01 8.067069053649902344e-01 8.508166670799255371e-01 0.000000000000000000e+00 8.175952434539794922e-01 7.981702685356140137e-01 8.289704918861389160e-01 8.190554380416870117e-01 8.213896155357360840e-01 8.746291399002075195e-01 8.648541569709777832e-01 7.818143963813781738e-01 7.984797954559326172e-01 8.202390074729919434e-01
8.250011205673217773e-01 8.028550148010253906e-01 8.236628770828247070e-01 8.362834453582763672e-01 8.006193637847900391e-01 8.755199909210205078e-01 8.877047896385192871e-01 8.175952434539794922e-01 0.000000000000000000e+00 8.776292800903320312e-01 8.396527171134948730e-01 8.411938548088073730e-01 8.680784106254577637e-01 8.836492300033569336e-01 8.886538743972778320e-01 8.318487405776977539e-01 8.002853989601135254e-01 8.913329839706420898e-01
8.561586737632751465e-01 8.069317936897277832e-01 8.419591188430786133e-01 8.176404833793640137e-01 8.208345174789428711e-01 8.042417168617248535e-01 8.189011216163635254e-01 7.981702685356140137e-01 8.776292800903320312e-01 0.000000000000000000e+00 8.779571056365966797e-01 8.511950373649597168e-01 8.609189391136169434e-01 8.791368007659912109e-01 8.255456089973449707e-01 8.263871073722839355e-01 8.142189383506774902e-01 8.521727919578552246e-01
8.680561780929565430e-01 8.027043938636779785e-01 8.485022783279418945e-01 8.116462230682373047e-01 8.231835961341857910e-01 8.603786826133728027e-01 8.267587423324584961e-01 8.289704918861389160e-01 8.396527171134948730e-01 8.779571056365966797e-01 0.000000000000000000e+00 8.464235663414001465e-01 8.989229202270507812e-01 8.426432609558105469e-01 8.415518999099731445e-01 8.091540932655334473e-01 8.325136899948120117e-01 8.587648868560791016e-01
7.903611063957214355e-01 8.580175638198852539e-01 8.373278379440307617e-01 8.560673594474792480e-01 8.384898900985717773e-01 8.339753746986389160e-01 8.282974362373352051e-01 8.190554380416870117e-01 8.411938548088073730e-01 8.511950373649597168e-01 8.464235663414001465e-01 0.000000000000000000e+00 8.384823203086853027e-01 8.305323719978332520e-01 8.099957704544067383e-01 8.425152897834777832e-01 7.901130318641662598e-01 8.579992055892944336e-01
8.411428928375244141e-01 8.882349729537963867e-01 8.256849646568298340e-01 8.156288266181945801e-01 8.234197497367858887e-01 8.773930072784423828e-01 8.395898342132568359e-01 8.213896155357360840e-01 8.680784106254577637e-01 8.609189391136169434e-01 8.989229202270507812e-01 8.384823203086853027e-01 0.000000000000000000e+00 8.806378841400146484e-01 8.196564912796020508e-01 8.356149196624755859e-01 9.015007615089416504e-01 8.279524445533752441e-01
8.501214385032653809e-01 8.895823359489440918e-01 8.496949076652526855e-01 8.490915298461914062e-01 8.647915720939636230e-01 8.532717227935791016e-01 8.899201154708862305e-01 8.746291399002075195e-01 8.836492300033569336e-01 8.791368007659912109e-01 8.426432609558105469e-01 8.305323719978332520e-01 8.806378841400146484e-01 0.000000000000000000e+00 8.544583916664123535e-01 8.305731415748596191e-01 8.558994531631469727e-01 8.507039546966552734e-01
8.116523623466491699e-01 8.705727458000183105e-01 8.668425083160400391e-01 8.235023617744445801e-01 8.061674237251281738e-01 8.706341981887817383e-01 8.621326684951782227e-01 8.648541569709777832e-01 8.886538743972778320e-01 8.255456089973449707e-01 8.415518999099731445e-01 8.099957704544067383e-01 8.196564912796020508e-01 8.544583916664123535e-01 0.000000000000000000e+00 8.202028870582580566e-01 8.419001698493957520e-01 8.412766456604003906e-01
8.137170076370239258e-01 8.433814644813537598e-01 8.270496129989624023e-01 8.406692743301391602e-01 8.110921978950500488e-01 8.296328783035278320e-01 8.012548089027404785e-01 7.818143963813781738e-01 8.318487405776977539e-01 8.263871073722839355e-01 8.091540932655334473e-01 8.425152897834777832e-01 8.356149196624755859e-01 8.305731415748596191e-01 8.202028870582580566e-01 0.000000000000000000e+00 8.261867165565490723e-01 8.035153150558471680e-01
8.413984775543212891e-01 8.224507570266723633e-01 8.433654308319091797e-01 8.009487986564636230e-01 8.130513429641723633e-01 8.193508982658386230e-01 8.060418963432312012e-01 7.984797954559326172e-01 8.002853989601135254e-01 8.142189383506774902e-01 8.325136899948120117e-01 7.901130318641662598e-01 9.015007615089416504e-01 8.558994531631469727e-01 8.419001698493957520e-01 8.261867165565490723e-01 0.000000000000000000e+00 8.291080594062805176e-01
7.889318466186523438e-01 8.625986576080322266e-01 8.442032337188720703e-01 8.262385129928588867e-01 8.499056100845336914e-01 8.561284542083740234e-01 8.100442290306091309e-01 8.202390074729919434e-01 8.913329839706420898e-01 8.521727919578552246e-01 8.587648868560791016e-01 8.579992055892944336e-01 8.279524445533752441e-01 8.507039546966552734e-01 8.412766456604003906e-01 8.035153150558471680e-01 8.291080594062805176e-01 0.000000000000000000e+00
