0.000000000000000000e+00 2.061719540506601334e-03 3.018433693796396255e-03 3.463213331997394562e-03 3.194307675585150719e-03 3.510459326207637787e-03 3.882566001266241074e-03 3.606337821111083031e-03 2.418408403173089027e-03 1.789289526641368866e-02 1.836978830397129059e-02 1.785144582390785217e-02 1.930279470980167389e-02 1.606780476868152618e-02 2.201248705387115479e-02 2.416527271270751953e-02 2.357135526835918427e-02 1.971017941832542419e-02
2.061719540506601334e-03 0.000000000000000000e+00 2.038347767665982246e-03 2.997715957462787628e-03 3.125786315649747849e-03 3.557717893272638321e-03 3.712990321218967438e-03 3.412727732211351395e-03 3.037843853235244751e-03 1.844285614788532257e-02 1.892500184476375580e-02 1.840499415993690491e-02 1.986464299261569977e-02 1.660979352891445160e-02 2.258373238146305084e-02 2.474357932806015015e-02 2.414834871888160706e-02 2.026697434484958649e-02
3.018433693796396255e-03 2.038347767665982246e-03 0.000000000000000000e+00 1.971698366105556488e-03 2.937167882919311523e-03 3.520894562825560570e-03 4.146791528910398483e-03 3.895106259733438492e-03 3.515140851959586143e-03 1.837725378572940826e-02 1.886594295501708984e-02 1.834467239677906036e-02 1.980666257441043854e-02 1.653986610472202301e-02 2.253408730030059814e-02 2.469803951680660248e-02 2.410190179944038391e-02 2.020700648427009583e-02
3.463213331997394562e-03 2.997715957462787628e-03 1.971698366105556488e-03 0.000000000000000000e+00 2.634900854900479317e-03 3.029505722224712372e-03 3.834821283817291260e-03 3.797511802986264229e-03 3.805853892117738724e-03 1.951093971729278564e-02 2.000464685261249542e-02 1.947965286672115326e-02 2.095091715455055237e-02 1.766412518918514252e-02 2.369414269924163818e-02 2.586401067674160004e-02 2.526650018990039825e-02 2.134964801371097565e-02
3.194307675585150719e-03 3.125786315649747849e-03 2.937167882919311523e-03 2.634900854900479317e-03 0.000000000000000000e+00 3.474707016721367836e-03 5.343103781342506409e-03 5.004759412258863449e-03 3.843200393021106720e-03 1.593862473964691162e-02 1.640902645885944366e-02 1.589272357523441315e-02 1.733545213937759399e-02 1.412212196737527847e-02 2.002916298806667328e-02 2.217767946422100067e-02 2.158383093774318695e-02 1.774684526026248932e-02
3.510459326207637787e-03 3.557717893272638321e-03 3.520894562825560570e-03 3.029505722224712372e-03 3.474707016721367836e-03 0.000000000000000000e+00 2.784946002066135406e-03 3.292086767032742500e-03 3.458161372691392899e-03 2.190155908465385437e-02 2.240383811295032501e-02 2.187330648303031921e-02 2.335917949676513672e-02 2.004137635231018066e-02 2.612463757395744324e-02 2.830640785396099091e-02 2.770678326487541199e-02 2.375476062297821045e-02
3.882566001266241074e-03 3.712990321218967438e-03 4.146791528910398483e-03 3.834821283817291260e-03 5.343103781342506409e-03 2.784946002066135406e-03 0.000000000000000000e+00 2.169391838833689690e-03 3.624846693128347397e-03 2.463027462363243103e-02 2.514327131211757660e-02 2.461011707782745361e-02 2.610654011368751526e-02 2.276014164090156555e-02 2.889120578765869141e-02 3.107777424156665802e-02 3.047820925712585449e-02 2.649567089974880219e-02
3.606337821111083031e-03 3.412727732211351395e-03 3.895106259733438492e-03 3.797511802986264229e-03 5.004759412258863449e-03 3.292086767032742500e-03 2.169391838833689690e-03 0.000000000000000000e+00 2.812975319102406502e-03 2.323097549378871918e-02 2.373828366398811340e-02 2.320745773613452911e-02 2.469747699797153473e-02 2.136514708399772644e-02 2.747372910380363464e-02 2.965734526515007019e-02 2.905884385108947754e-02 2.509076893329620361e-02
2.418408403173089027e-03 3.037843853235244751e-03 3.515140851959586143e-03 3.805853892117738724e-03 3.843200393021106720e-03 3.458161372691392899e-03 3.624846693128347397e-03 2.812975319102406502e-03 0.000000000000000000e+00 1.940429955720901489e-02 1.988782174885272980e-02 1.936686225235462189e-02 2.082665264606475830e-02 1.756998337805271149e-02 2.355530671775341034e-02 2.571314200758934021e-02 2.511932328343391418e-02 2.123240754008293152e-02
1.789289526641368866e-02 1.844285614788532257e-02 1.837725378572940826e-02 1.951093971729278564e-02 1.593862473964691162e-02 2.190155908465385437e-02 2.463027462363243103e-02 2.323097549378871918e-02 1.940429955720901489e-02 0.000000000000000000e+00 2.307670889422297478e-03 3.243640298023819923e-03 3.774027107283473015e-03 3.528124652802944183e-03 3.677095752209424973e-03 4.236865788698196411e-03 4.014199133962392807e-03 2.395911840721964836e-03
1.836978830397129059e-02 1.892500184476375580e-02 1.886594295501708984e-02 2.000464685261249542e-02 1.640902645885944366e-02 2.240383811295032501e-02 2.514327131211757660e-02 2.373828366398811340e-02 1.988782174885272980e-02 2.307670889422297478e-03 0.000000000000000000e+00 2.030958188697695732e-03 3.005245001986622810e-03 3.309232182800769806e-03 3.548208391293883324e-03 3.607831429690122604e-03 3.703190246596932411e-03 2.993132919073104858e-03
1.785144582390785217e-02 1.840499415993690491e-02 1.834467239677906036e-02 1.947965286672115326e-02 1.589272357523441315e-02 2.187330648303031921e-02 2.461011707782745361e-02 2.320745773613452911e-02 1.936686225235462189e-02 3.243640298023819923e-03 2.030958188697695732e-03 0.000000000000000000e+00 2.088313223794102669e-03 3.008747706189751625e-03 3.635604633018374443e-03 4.104243591427803040e-03 4.480040166527032852e-03 3.793020732700824738e-03
1.930279470980167389e-02 1.986464299261569977e-02 1.980666257441043854e-02 2.095091715455055237e-02 1.733545213937759399e-02 2.335917949676513672e-02 2.610654011368751526e-02 2.469747699797153473e-02 2.082665264606475830e-02 3.774027107283473015e-03 3.005245001986622810e-03 2.088313223794102669e-03 0.000000000000000000e+00 2.683880506083369255e-03 3.053631167858839035e-03 4.089337773621082306e-03 4.326136782765388489e-03 4.002338740974664688e-03
1.606780476868152618e-02 1.660979352891445160e-02 1.653986610472202301e-02 1.766412518918514252e-02 1.412212196737527847e-02 2.004137635231018066e-02 2.276014164090156555e-02 2.136514708399772644e-02 1.756998337805271149e-02 3.528124652802944183e-03 3.309232182800769806e-03 3.008747706189751625e-03 2.683880506083369255e-03 0.000000000000000000e+00 3.564394544810056686e-03 5.275787319988012314e-03 5.528335925191640854e-03 4.177708178758621216e-03
2.201248705387115479e-02 2.258373238146305084e-02 2.253408730030059814e-02 2.369414269924163818e-02 2.002916298806667328e-02 2.612463757395744324e-02 2.889120578765869141e-02 2.747372910380363464e-02 2.355530671775341034e-02 3.677095752209424973e-03 3.548208391293883324e-03 3.635604633018374443e-03 3.053631167858839035e-03 3.564394544810056686e-03 0.000000000000000000e+00 2.976892748847603798e-03 3.436719998717308044e-03 3.726753406226634979e-03
2.416527271270751953e-02 2.474357932806015015e-02 2.469803951680660248e-02 2.586401067674160004e-02 2.217767946422100067e-02 2.830640785396099091e-02 3.107777424156665802e-02 2.965734526515007019e-02 2.571314200758934021e-02 4.236865788698196411e-03 3.607831429690122604e-03 4.104243591427803040e-03 4.089337773621082306e-03 5.275787319988012314e-03 2.976892748847603798e-03 0.000000000000000000e+00 2.254584338515996933e-03 3.855309681966900826e-03
2.357135526835918427e-02 2.414834871888160706e-02 2.410190179944038391e-02 2.526650018990039825e-02 2.158383093774318695e-02 2.770678326487541199e-02 3.047820925712585449e-02 2.905884385108947754e-02 2.511932328343391418e-02 4.014199133962392807e-03 3.703190246596932411e-03 4.480040166527032852e-03 4.326136782765388489e-03 5.528335925191640854e-03 3.436719998717308044e-03 2.254584338515996933e-03 0.000000000000000000e+00 3.052446292713284492e-03
1.971017941832542419e-02 2.026697434484958649e-02 2.020700648427009583e-02 2.134964801371097565e-02 1.774684526026248932e-02 2.375476062297821045e-02 2.649567089974880219e-02 2.509076893329620361e-02 2.123240754008293152e-02 2.395911840721964836e-03 2.993132919073104858e-03 3.793020732700824738e-03 4.002338740974664688e-03 4.177708178758621216e-03 3.726753406226634979e-03 3.855309681966900826e-03 3.052446292713284492e-03 0.000000000000000000e+00
