0.000000000000000000e+00 6.033880710601806641e-01 6.178107261657714844e-01 5.953072905540466309e-01 6.093415021896362305e-01 6.021263599395751953e-01 6.182339191436767578e-01 5.894853472709655762e-01 6.240993142127990723e-01 6.120039224624633789e-01 6.012770533561706543e-01 6.218470931053161621e-01 6.110944151878356934e-01 6.231635808944702148e-01 5.500388145446777344e-01 6.320900321006774902e-01 6.517990231513977051e-01 5.933638215065002441e-01
6.033880710601806641e-01 0.000000000000000000e+00 6.312300562858581543e-01 6.118426322937011719e-01 5.897746682167053223e-01 5.909104347229003906e-01 6.403948664665222168e-01 5.496951341629028320e-01 5.576003789901733398e-01 6.185564398765563965e-01 6.364201307296752930e-01 6.049422025680541992e-01 6.450161337852478027e-01 5.810504555702209473e-01 6.028331518173217773e-01 5.939050912857055664e-01 6.411055326461791992e-01 5.993029475212097168e-01
6.178107261657714844e-01 6.312300562858581543e-01 0.000000000000000000e+00 6.193413138389587402e-01 5.767136812210083008e-01 6.151535511016845703e-01 6.028693914413452148e-01 5.834189057350158691e-01 6.239572167396545410e-01 6.045421957969665527e-01 5.649751424789428711e-01 5.961866378784179688e-01 6.270234584808349609e-01 5.857983231544494629e-01 6.194651722908020020e-01 5.848397016525268555e-01 6.819639801979064941e-01 6.010601520538330078e-01
5.953072905540466309e-01 6.118426322937011719e-01 6.193413138389587402e-01 0.000000000000000000e+00 6.019774675369262695e-01 6.111755371093750000e-01 6.196493506431579590e-01 5.678163170814514160e-01 5.692780017852783203e-01 6.060653924942016602e-01 6.549897789955139160e-01 6.025631427764892578e-01 6.217897534370422363e-01 6.029863953590393066e-01 6.002480387687683105e-01 6.003615260124206543e-01 6.303814649581909180e-01 6.053785085678100586e-01
6.093415021896362305e-01 5.897746682167053223e-01 5.767136812210083008e-01 6.019774675369262695e-01 0.000000000000000000e+00 6.135572195053100586e-01 5.713568329811096191e-01 6.011428236961364746e-01 6.138157248497009277e-01 6.169566512107849121e-01 5.641849637031555176e-01 6.041645407676696777e-01 6.196505427360534668e-01 6.217254996299743652e-01 6.053543686866760254e-01 5.626029372215270996e-01 5.982016921043395996e-01 6.139738559722900391e-01
6.021263599395751953e-01 5.909104347229003906e-01 6.151535511016845703e-01 6.111755371093750000e-01 6.135572195053100586e-01 0.000000000000000000e+00 5.983529686927795410e-01 5.866115689277648926e-01 6.407197117805480957e-01 5.944846868515014648e-01 5.791887640953063965e-01 5.981956124305725098e-01 6.359950304031372070e-01 6.264976263046264648e-01 5.935467481613159180e-01 6.173205375671386719e-01 6.208142042160034180e-01 5.928704738616943359e-01
6.182339191436767578e-01 6.403948664665222168e-01 6.028693914413452148e-01 6.196493506431579590e-01 5.713568329811096191e-01 5.983529686927795410e-01 0.000000000000000000e+00 5.768321752548217773e-01 5.775367617607116699e-01 5.720943212509155273e-01 5.989726781845092773e-01 5.889759063720703125e-01 6.079601049423217773e-01 5.838228464126586914e-01 6.056741476058959961e-01 5.979664325714111328e-01 6.412217020988464355e-01 6.314432621002197266e-01
5.894853472709655762e-01 5.496951341629028320e-01 5.834189057350158691e-01 5.678163170814514160e-01 6.011428236961364746e-01 5.866115689277648926e-01 5.768321752548217773e-01 0.000000000000000000e+00 5.966449975967407227e-01 5.979263186454772949e-01 5.715267062187194824e-01 5.897969007492065430e-01 6.137948632240295410e-01 5.957040190696716309e-01 6.032459139823913574e-01 5.896411538124084473e-01 6.387444734573364258e-01 6.308025717735290527e-01
6.240993142127990723e-01 5.576003789901733398e-01 6.239572167396545410e-01 5.692780017852783203e-01 6.138157248497009277e-01 6.407197117805480957e-01 5.775367617607116699e-01 5.966449975967407227e-01 0.000000000000000000e+00 6.314266920089721680e-01 5.992282629013061523e-01 6.204305291175842285e-01 5.674530863761901855e-01 5.861279368400573730e-01 5.972892642021179199e-01 6.021021008491516113e-01 6.405139565467834473e-01 5.811157822608947754e-01
6.120039224624633789e-01 6.185564398765563965e-01 6.045421957969665527e-01 6.060653924942016602e-01 6.169566512107849121e-01 5.944846868515014648e-01 5.720943212509155273e-01 5.979263186454772949e-01 6.314266920089721680e-01 0.000000000000000000e+00 6.412880420684814453e-01 5.904734730720520020e-01 5.703377723693847656e-01 6.105290651321411133e-01 5.926370620727539062e-01 5.646849274635314941e-01 6.265002489089965820e-01 5.830464959144592285e-01
6.012770533561706543e-01 6.364201307296752930e-01 5.649751424789428711e-01 6.549897789955139160e-01 5.641849637031555176e-01 5.791887640953063965e-01 5.989726781845092773e-01 5.715267062187194824e-01 5.992282629013061523e-01 6.412880420684814453e-01 0.000000000000000000e+00 5.371289253234863281e-01 6.038823127746582031e-01 6.020830869674682617e-01 5.854915976524353027e-01 6.049927473068237305e-01 6.322225332260131836e-01 5.611600279808044434e-01
6.218470931053161621e-01 6.049422025680541992e-01 5.961866378784179688e-01 6.025631427764892578e-01 6.041645407676696777e-01 5.981956124305725098e-01 5.889759063720703125e-01 5.897969007492065430e-01 6.204305291175842285e-01 5.904734730720520020e-01 5.371289253234863281e-01 0.000000000000000000e+00 5.969849824905395508e-01 5.989764928817749023e-01 5.938938260078430176e-01 6.004135608673095703e-01 6.562421321868896484e-01 5.905719995498657227e-01
6.110944151878356934e-01 6.450161337852478027e-01 6.270234584808349609e-01 6.217897534370422363e-01 6.196505427360534668e-01 6.359950304031372070e-01 6.079601049423217773e-01 6.137948632240295410e-01 5.674530863761901855e-01 5.703377723693847656e-01 6.038823127746582031e-01 5.969849824905395508e-01 0.000000000000000000e+00 6.103755235671997070e-01 6.054291725158691406e-01 5.932915806770324707e-01 6.455723047256469727e-01 5.981743335723876953e-01
6.231635808944702148e-01 5.810504555702209473e-01 5.857983231544494629e-01 6.029863953590393066e-01 6.217254996299743652e-01 6.264976263046264648e-01 5.838228464126586914e-01 5.957040190696716309e-01 5.861279368400573730e-01 6.105290651321411133e-01 6.020830869674682617e-01 5.989764928817749023e-01 6.103755235671997070e-01 0.000000000000000000e+00 6.237974166870117188e-01 6.488307714462280273e-01 6.433597207069396973e-01 5.827006101608276367e-01
5.500388145446777344e-01 6.028331518173217773e-01 6.194651722908020020e-01 6.002480387687683105e-01 6.053543686866760254e-01 5.935467481613159180e-01 6.056741476058959961e-01 6.032459139823913574e-01 5.972892642021179199e-01 5.926370620727539062e-01 5.854915976524353027e-01 5.938938260078430176e-01 6.054291725158691406e-01 6.237974166870117188e-01 0.000000000000000000e+00 5.673066377639770508e-01 6.106358766555786133e-01 5.854750871658325195e-01
6.320900321006774902e-01 5.939050912857055664e-01 5.848397016525268555e-01 6.003615260124206543e-01 5.626029372215270996e-01 6.173205375671386719e-01 5.979664325714111328e-01 5.896411538124084473e-01 6.021021008491516113e-01 5.646849274635314941e-01 6.049927473068237305e-01 6.004135608673095703e-01 5.932915806770324707e-01 6.488307714462280273e-01 5.673066377639770508e-01 0.000000000000000000e+00 6.452200412750244141e-01 6.127129793167114258e-01
6.517990231513977051e-01 6.411055326461791992e-01 6.819639801979064941e-01 6.303814649581909180e-01 5.982016921043395996e-01 6.208142042160034180e-01 6.412217020988464355e-01 6.387444734573364258e-01 6.405139565467834473e-01 6.265002489089965820e-01 6.322225332260131836e-01 6.562421321868896484e-01 6.455723047256469727e-01 6.433597207069396973e-01 6.106358766555786133e-01 6.452200412750244141e-01 0.000000000000000000e+00 6.003727316856384277e-01
5.933638215065002441e-01 5.993029475212097168e-01 6.010601520538330078e-01 6.053785085678100586e-01 6.139738559722900391e-01 5.928704738616943359e-01 6.314432621002197266e-01 6.308025717735290527e-01 5.811157822608947754e-01 5.830464959144592285e-01 5.611600279808044434e-01 5.905719995498657227e-01 5.981743335723876953e-01 5.827006101608276367e-01 5.854750871658325195e-01 6.127129793167114258e-01 6.003727316856384277e-01 0.000000000000000000e+00
