0.000000000000000000e+00 1.922278432175517082e-03 2.769023180007934570e-03 3.648131620138883591e-03 3.441017819568514824e-03 4.160220269113779068e-03 4.217337816953659058e-03 3.893645713105797768e-03 2.299245912581682205e-03 9.464361704885959625e-03 9.950502775609493256e-03 1.034463103860616684e-02 1.151270791888237000e-02 1.023145951330661774e-02 1.234170887619256973e-02 1.256049238145351410e-02 1.315574347972869873e-02 1.098768878728151321e-02
1.922278432175517082e-03 0.000000000000000000e+00 1.592108863405883312e-03 2.623321954160928726e-03 2.950805239379405975e-03 3.429760923609137535e-03 3.889923449605703354e-03 3.562784055247902870e-03 2.610328374430537224e-03 9.948632679879665375e-03 1.045140251517295837e-02 1.085203234106302261e-02 1.202942803502082825e-02 1.072454918175935745e-02 1.286209281533956528e-02 1.309249084442853928e-02 1.369264442473649979e-02 1.149563398212194443e-02
2.769023180007934570e-03 1.592108863405883312e-03 0.000000000000000000e+00 1.855186768807470798e-03 2.614761004224419594e-03 3.072458319365978241e-03 3.740124870091676712e-03 3.790763439610600471e-03 2.954965457320213318e-03 1.011441182345151901e-02 1.062365993857383728e-02 1.102701481431722641e-02 1.220903825014829636e-02 1.089407876133918762e-02 1.304325833916664124e-02 1.327805407345294952e-02 1.388039346784353256e-02 1.167139410972595215e-02
3.648131620138883591e-03 2.623321954160928726e-03 1.855186768807470798e-03 0.000000000000000000e+00 2.391870599240064621e-03 2.803047653287649155e-03 3.574562259018421173e-03 3.795678028836846352e-03 3.510945243760943413e-03 1.167546398937702179e-02 1.219733059406280518e-02 1.260625850409269333e-02 1.379884686321020126e-02 1.246263459324836731e-02 1.463551726192235947e-02 1.487871073186397552e-02 1.548546925187110901e-02 1.325288135558366776e-02
3.441017819568514824e-03 2.950805239379405975e-03 2.614761004224419594e-03 2.391870599240064621e-03 0.000000000000000000e+00 2.988477470353245735e-03 4.261988680809736252e-03 4.461321979761123657e-03 3.624796867370605469e-03 1.031323615461587906e-02 1.080834213644266129e-02 1.120612677186727524e-02 1.238010078668594360e-02 1.108522154390811920e-02 1.321081724017858505e-02 1.343576051294803619e-02 1.403377018868923187e-02 1.184990163892507553e-02
4.160220269113779068e-03 3.429760923609137535e-03 3.072458319365978241e-03 2.803047653287649155e-03 2.988477470353245735e-03 0.000000000000000000e+00 2.242890186607837677e-03 3.185735782608389854e-03 3.567331004887819290e-03 1.256425864994525909e-02 1.309016533195972443e-02 1.350068859755992889e-02 1.469573844224214554e-02 1.335345767438411713e-02 1.553284749388694763e-02 1.577884517610073090e-02 1.638669148087501526e-02 1.414746139198541641e-02
4.217337816953659058e-03 3.889923449605703354e-03 3.740124870091676712e-03 3.574562259018421173e-03 4.261988680809736252e-03 2.242890186607837677e-03 0.000000000000000000e+00 2.194621833041310310e-03 3.186044981703162193e-03 1.290431059896945953e-02 1.344342622905969620e-02 1.385908666998147964e-02 1.506139710545539856e-02 1.370048150420188904e-02 1.590142585337162018e-02 1.615666784346103668e-02 1.676837541162967682e-02 1.450621802359819412e-02
3.893645713105797768e-03 3.562784055247902870e-03 3.790763439610600471e-03 3.795678028836846352e-03 4.461321979761123657e-03 3.185735782608389854e-03 2.194621833041310310e-03 0.000000000000000000e+00 2.547546289861202240e-03 1.323560159653425217e-02 1.378010399639606476e-02 1.419784966856241226e-02 1.540310867130756378e-02 1.403457019478082657e-02 1.624421030282974243e-02 1.650322042405605316e-02 1.711646094918251038e-02 1.484509464353322983e-02
2.299245912581682205e-03 2.610328374430537224e-03 2.954965457320213318e-03 3.510945243760943413e-03 3.624796867370605469e-03 3.567331004887819290e-03 3.186044981703162193e-03 2.547546289861202240e-03 0.000000000000000000e+00 1.101294159889221191e-02 1.152445282787084579e-02 1.192899327725172043e-02 1.311396062374114990e-02 1.179414056241512299e-02 1.394836232066154480e-02 1.418454479426145554e-02 1.478783320635557175e-02 1.257429365068674088e-02
9.464361704885959625e-03 9.948632679879665375e-03 1.011441182345151901e-02 1.167546398937702179e-02 1.031323615461587906e-02 1.256425864994525909e-02 1.290431059896945953e-02 1.323560159653425217e-02 1.101294159889221191e-02 0.000000000000000000e+00 1.968885771930217743e-03 2.999414457008242607e-03 3.694184822961688042e-03 3.488081740215420723e-03 4.110903013497591019e-03 4.094530828297138214e-03 3.952057566493749619e-03 2.411693334579467773e-03
9.950502775609493256e-03 1.045140251517295837e-02 1.062365993857383728e-02 1.219733059406280518e-02 1.080834213644266129e-02 1.309016533195972443e-02 1.344342622905969620e-02 1.378010399639606476e-02 1.152445282787084579e-02 1.968885771930217743e-03 0.000000000000000000e+00 1.701181288808584213e-03 2.591841155663132668e-03 3.002217505127191544e-03 3.351878607645630836e-03 3.589753527194261551e-03 3.563429694622755051e-03 2.699255477637052536e-03
1.034463103860616684e-02 1.085203234106302261e-02 1.102701481431722641e-02 1.260625850409269333e-02 1.120612677186727524e-02 1.350068859755992889e-02 1.385908666998147964e-02 1.419784966856241226e-02 1.192899327725172043e-02 2.999414457008242607e-03 1.701181288808584213e-03 0.000000000000000000e+00 1.925078337080776691e-03 2.825794741511344910e-03 3.047986887395381927e-03 3.802745835855603218e-03 4.033767618238925934e-03 3.250701818615198135e-03
1.151270791888237000e-02 1.202942803502082825e-02 1.220903825014829636e-02 1.379884686321020126e-02 1.238010078668594360e-02 1.469573844224214554e-02 1.506139710545539856e-02 1.540310867130756378e-02 1.311396062374114990e-02 3.694184822961688042e-03 2.591841155663132668e-03 1.925078337080776691e-03 0.000000000000000000e+00 2.390952315181493759e-03 2.790058730170130730e-03 3.556490875780582428e-03 3.882223507389426231e-03 3.568759886547923088e-03
1.023145951330661774e-02 1.072454918175935745e-02 1.089407876133918762e-02 1.246263459324836731e-02 1.108522154390811920e-02 1.335345767438411713e-02 1.370048150420188904e-02 1.403457019478082657e-02 1.179414056241512299e-02 3.488081740215420723e-03 3.002217505127191544e-03 2.825794741511344910e-03 2.390952315181493759e-03 0.000000000000000000e+00 2.954113064333796501e-03 4.307339899241924286e-03 4.443272948265075684e-03 3.737806109711527824e-03
1.234170887619256973e-02 1.286209281533956528e-02 1.304325833916664124e-02 1.463551726192235947e-02 1.321081724017858505e-02 1.553284749388694763e-02 1.590142585337162018e-02 1.624421030282974243e-02 1.394836232066154480e-02 4.110903013497591019e-03 3.351878607645630836e-03 3.047986887395381927e-03 2.790058730170130730e-03 2.954113064333796501e-03 0.000000000000000000e+00 2.162427641451358795e-03 3.156410064548254013e-03 3.533891169354319572e-03
1.256049238145351410e-02 1.309249084442853928e-02 1.327805407345294952e-02 1.487871073186397552e-02 1.343576051294803619e-02 1.577884517610073090e-02 1.615666784346103668e-02 1.650322042405605316e-02 1.418454479426145554e-02 4.094530828297138214e-03 3.589753527194261551e-03 3.802745835855603218e-03 3.556490875780582428e-03 4.307339899241924286e-03 2.162427641451358795e-03 0.000000000000000000e+00 2.164517529308795929e-03 3.216787241399288177e-03
1.315574347972869873e-02 1.369264442473649979e-02 1.388039346784353256e-02 1.548546925187110901e-02 1.403377018868923187e-02 1.638669148087501526e-02 1.676837541162967682e-02 1.711646094918251038e-02 1.478783320635557175e-02 3.952057566493749619e-03 3.563429694622755051e-03 4.033767618238925934e-03 3.882223507389426231e-03 4.443272948265075684e-03 3.156410064548254013e-03 2.164517529308795929e-03 0.000000000000000000e+00 2.576502738520503044e-03
1.098768878728151321e-02 1.149563398212194443e-02 1.167139410972595215e-02 1.325288135558366776e-02 1.184990163892507553e-02 1.414746139198541641e-02 1.450621802359819412e-02 1.484509464353322983e-02 1.257429365068674088e-02 2.411693334579467773e-03 2.699255477637052536e-03 3.250701818615198135e-03 3.568759886547923088e-03 3.737806109711527824e-03 3.533891169354319572e-03 3.216787241399288177e-03 2.576502738520503044e-03 0.000000000000000000e+00
