0.000000000000000000e+00 6.163838785141706467e-03 6.324780173599720001e-03 6.347369868308305740e-03 6.351944990456104279e-03 5.952362902462482452e-03 5.850982386618852615e-03 6.043116562068462372e-03 6.473044399172067642e-03 1.220371294766664505e-02 1.150251645594835281e-02 1.105240732431411743e-02 1.120080519467592239e-02 1.172014977782964706e-02 1.093998923897743225e-02 1.072289980947971344e-02 1.118179317563772202e-02 1.207245513796806335e-02
6.163838785141706467e-03 0.000000000000000000e+00 5.472591612488031387e-03 5.992676597088575363e-03 6.347622722387313843e-03 6.059944164007902145e-03 6.076431367546319962e-03 6.256861146539449692e-03 6.483162753283977509e-03 1.151073817163705826e-02 1.081954129040241241e-02 1.037005148828029633e-02 1.050962507724761963e-02 1.101555768400430679e-02 1.024094410240650177e-02 1.002847962081432343e-02 1.048990339040756226e-02 1.137684565037488937e-02
6.324780173599720001e-03 5.472591612488031387e-03 0.000000000000000000e+00 5.202392581850290298e-03 5.798844154924154282e-03 5.544090177863836288e-03 5.845669656991958618e-03 6.124380044639110565e-03 6.437753327190876007e-03 1.106564886868000031e-02 1.037507969886064529e-02 9.925785474479198456e-03 1.006494183093309402e-02 1.057007629424333572e-02 9.795371443033218384e-03 9.583005681633949280e-03 1.004464179277420044e-02 1.093155145645141602e-02
6.347369868308305740e-03 5.992676597088575363e-03 5.202392581850290298e-03 0.000000000000000000e+00 5.034973379224538803e-03 5.100903566926717758e-03 5.352211184799671173e-03 5.870279390364885330e-03 6.325304508209228516e-03 1.120696216821670532e-02 1.050757244229316711e-02 1.005788519978523254e-02 1.020495034754276276e-02 1.072194799780845642e-02 9.941862896084785461e-03 9.725217707455158234e-03 1.018470246344804764e-02 1.107513345777988434e-02
6.351944990456104279e-03 6.347622722387313843e-03 5.798844154924154282e-03 5.034973379224538803e-03 0.000000000000000000e+00 4.358423408120870590e-03 4.830958321690559387e-03 5.423079244792461395e-03 6.022491492331027985e-03 1.172571722418069839e-02 1.101266685873270035e-02 1.056218333542346954e-02 1.072132680565118790e-02 1.125661656260490417e-02 1.046859379857778549e-02 1.024551317095756531e-02 1.070167031139135361e-02 1.159741450101137161e-02
5.952362902462482452e-03 6.059944164007902145e-03 5.544090177863836288e-03 5.100903566926717758e-03 4.358423408120870590e-03 0.000000000000000000e+00 3.801300190389156342e-03 4.663388710469007492e-03 5.463914014399051666e-03 1.095570437610149384e-02 1.024819258600473404e-02 9.797596372663974762e-03 9.951369836926460266e-03 1.047887094318866730e-02 9.694054722785949707e-03 9.473801590502262115e-03 9.931785054504871368e-03 1.082574389874935150e-02
5.850982386618852615e-03 6.076431367546319962e-03 5.845669656991958618e-03 5.352211184799671173e-03 4.830958321690559387e-03 3.801300190389156342e-03 0.000000000000000000e+00 4.142203833907842636e-03 5.251244176179170609e-03 1.073103677481412888e-02 1.002833712846040726e-02 9.577852673828601837e-03 9.727199561893939972e-03 1.024814136326313019e-02 9.466243907809257507e-03 9.248374029994010925e-03 9.707648307085037231e-03 1.059978175908327103e-02
6.043116562068462372e-03 6.256861146539449692e-03 6.124380044639110565e-03 5.870279390364885330e-03 5.423079244792461395e-03 4.663388710469007492e-03 4.142203833907842636e-03 0.000000000000000000e+00 5.219521932303905487e-03 1.119550969451665878e-02 1.049531809985637665e-02 1.004503760486841202e-02 1.019225921481847763e-02 1.070996467024087906e-02 9.929883293807506561e-03 9.713254868984222412e-03 1.017289608716964722e-02 1.106373593211174011e-02
6.473044399172067642e-03 6.483162753283977509e-03 6.437753327190876007e-03 6.325304508209228516e-03 6.022491492331027985e-03 5.463914014399051666e-03 5.251244176179170609e-03 5.219521932303905487e-03 0.000000000000000000e+00 1.208034344017505646e-02 1.137636229395866394e-02 1.092606410384178162e-02 1.107688341289758682e-02 1.159990485757589340e-02 1.081798225641250610e-02 1.059955824166536331e-02 1.105787511914968491e-02 1.194975059479475021e-02
1.220371294766664505e-02 1.151073817163705826e-02 1.106564886868000031e-02 1.120696216821670532e-02 1.172571722418069839e-02 1.095570437610149384e-02 1.073103677481412888e-02 1.119550969451665878e-02 1.208034344017505646e-02 0.000000000000000000e+00 6.159347947686910629e-03 6.343378685414791107e-03 6.349999923259019852e-03 6.353873293846845627e-03 5.964844953268766403e-03 5.851529072970151901e-03 6.028637755662202835e-03 6.482675671577453613e-03
1.150251645594835281e-02 1.081954129040241241e-02 1.037507969886064529e-02 1.050757244229316711e-02 1.101266685873270035e-02 1.024819258600473404e-02 1.002833712846040726e-02 1.049531809985637665e-02 1.137636229395866394e-02 6.159347947686910629e-03 0.000000000000000000e+00 5.489733535796403885e-03 6.002722773700952530e-03 6.359751336276531219e-03 6.073779892176389694e-03 6.089043803513050079e-03 6.273740436881780624e-03 6.507532205432653427e-03
1.105240732431411743e-02 1.037005148828029633e-02 9.925785474479198456e-03 1.005788519978523254e-02 1.056218333542346954e-02 9.797596372663974762e-03 9.577852673828601837e-03 1.004503760486841202e-02 1.092606410384178162e-02 6.343378685414791107e-03 5.489733535796403885e-03 0.000000000000000000e+00 5.216915626078844070e-03 5.811468232423067093e-03 5.541279446333646774e-03 5.844265688210725784e-03 6.119482684880495071e-03 6.449262145906686783e-03
1.120080519467592239e-02 1.050962507724761963e-02 1.006494183093309402e-02 1.020495034754276276e-02 1.072132680565118790e-02 9.951369836926460266e-03 9.727199561893939972e-03 1.019225921481847763e-02 1.107688341289758682e-02 6.349999923259019852e-03 6.002722773700952530e-03 5.216915626078844070e-03 0.000000000000000000e+00 5.040554795414209366e-03 5.098673049360513687e-03 5.361274350434541702e-03 5.863480269908905029e-03 6.323914974927902222e-03
1.172014977782964706e-02 1.101555768400430679e-02 1.057007629424333572e-02 1.072194799780845642e-02 1.125661656260490417e-02 1.047887094318866730e-02 1.024814136326313019e-02 1.070996467024087906e-02 1.159990485757589340e-02 6.353873293846845627e-03 6.359751336276531219e-03 5.811468232423067093e-03 5.040554795414209366e-03 0.000000000000000000e+00 4.358299076557159424e-03 4.837172105908393860e-03 5.429515615105628967e-03 6.029462907463312149e-03
1.093998923897743225e-02 1.024094410240650177e-02 9.795371443033218384e-03 9.941862896084785461e-03 1.046859379857778549e-02 9.694054722785949707e-03 9.466243907809257507e-03 9.929883293807506561e-03 1.081798225641250610e-02 5.964844953268766403e-03 6.073779892176389694e-03 5.541279446333646774e-03 5.098673049360513687e-03 4.358299076557159424e-03 0.000000000000000000e+00 3.806851804256439209e-03 4.667061381042003632e-03 5.468307528644800186e-03
1.072289980947971344e-02 1.002847962081432343e-02 9.583005681633949280e-03 9.725217707455158234e-03 1.024551317095756531e-02 9.473801590502262115e-03 9.248374029994010925e-03 9.713254868984222412e-03 1.059955824166536331e-02 5.851529072970151901e-03 6.089043803513050079e-03 5.844265688210725784e-03 5.361274350434541702e-03 4.837172105908393860e-03 3.806851804256439209e-03 0.000000000000000000e+00 4.152227193117141724e-03 5.270338151603937149e-03
1.118179317563772202e-02 1.048990339040756226e-02 1.004464179277420044e-02 1.018470246344804764e-02 1.070167031139135361e-02 9.931785054504871368e-03 9.707648307085037231e-03 1.017289608716964722e-02 1.105787511914968491e-02 6.028637755662202835e-03 6.273740436881780624e-03 6.119482684880495071e-03 5.863480269908905029e-03 5.429515615105628967e-03 4.667061381042003632e-03 4.152227193117141724e-03 0.000000000000000000e+00 5.224791821092367172e-03
1.207245513796806335e-02 1.137684565037488937e-02 1.093155145645141602e-02 1.107513345777988434e-02 1.159741450101137161e-02 1.082574389874935150e-02 1.059978175908327103e-02 1.106373593211174011e-02 1.194975059479475021e-02 6.482675671577453613e-03 6.507532205432653427e-03 6.449262145906686783e-03 6.323914974927902222e-03 6.029462907463312149e-03 5.468307528644800186e-03 5.270338151603937149e-03 5.224791821092367172e-03 0.000000000000000000e+00
