0.000000000000000000e+00 2.266164403408765793e-03 2.711107023060321808e-03 3.018763149157166481e-03 3.165134461596608162e-03 2.958010882139205933e-03 3.157009370625019073e-03 2.826471347361803055e-03 2.206564182415604591e-03 6.602556910365819931e-03 7.043640594929456711e-03 6.799191702157258987e-03 6.995523348450660706e-03 7.013896945863962173e-03 6.871088873594999313e-03 6.690620444715023041e-03 6.364471279084682465e-03 6.210797931998968124e-03
2.266164403408765793e-03 0.000000000000000000e+00 1.950288773514330387e-03 2.641553524881601334e-03 3.401378868147730827e-03 3.048104466870427132e-03 3.129563760012388229e-03 2.977336524054408073e-03 2.925403416156768799e-03 7.049249950796365738e-03 7.516825105994939804e-03 7.267678622156381607e-03 7.460671942681074142e-03 7.449111901223659515e-03 7.327406201511621475e-03 7.156952284276485443e-03 6.827669218182563782e-03 6.654031109064817429e-03
2.711107023060321808e-03 1.950288773514330387e-03 0.000000000000000000e+00 1.832408830523490906e-03 2.826925599947571754e-03 2.676670206710696220e-03 2.652699593454599380e-03 2.748972270637750626e-03 2.859666710719466209e-03 6.857866887003183365e-03 7.319994270801544189e-03 7.071865256875753403e-03 7.265407592058181763e-03 7.259869948029518127e-03 7.133775856345891953e-03 6.961764767765998840e-03 6.633122451603412628e-03 6.463518831878900528e-03
3.018763149157166481e-03 2.641553524881601334e-03 1.832408830523490906e-03 0.000000000000000000e+00 2.613021060824394226e-03 2.698839874938130379e-03 2.849172567948698997e-03 2.913522534072399139e-03 3.093183040618896484e-03 7.035580463707447052e-03 7.494906894862651825e-03 7.247176486998796463e-03 7.441338151693344116e-03 7.439216598868370056e-03 7.311001885682344437e-03 7.136942353099584579e-03 6.808646023273468018e-03 6.641289684921503067e-03
3.165134461596608162e-03 3.401378868147730827e-03 2.826925599947571754e-03 2.613021060824394226e-03 0.000000000000000000e+00 2.298938110470771790e-03 2.905710367485880852e-03 2.994275651872158051e-03 3.013961017131805420e-03 7.027555722743272781e-03 7.455349899828433990e-03 7.213160861283540726e-03 7.411492057144641876e-03 7.445102091878652573e-03 7.292027119547128677e-03 7.105147466063499451e-03 6.780676078051328659e-03 6.637169513851404190e-03
2.958010882139205933e-03 3.048104466870427132e-03 2.676670206710696220e-03 2.698839874938130379e-03 2.298938110470771790e-03 0.000000000000000000e+00 1.805780571885406971e-03 2.244385192170739174e-03 2.674214076250791550e-03 6.892522331327199936e-03 7.343052886426448822e-03 7.096748333424329758e-03 7.292340043932199478e-03 7.300520781427621841e-03 7.165301591157913208e-03 6.986852735280990601e-03 6.659550592303276062e-03 6.498998962342739105e-03
3.157009370625019073e-03 3.129563760012388229e-03 2.652699593454599380e-03 2.849172567948698997e-03 2.905710367485880852e-03 1.805780571885406971e-03 0.000000000000000000e+00 1.629138365387916565e-03 2.653346164152026176e-03 6.652877666056156158e-03 7.113454863429069519e-03 6.865698378533124924e-03 7.059176918119192123e-03 7.055136840790510178e-03 6.927720271050930023e-03 6.756067276000976562e-03 6.427604705095291138e-03 6.259034387767314911e-03
2.826471347361803055e-03 2.977336524054408073e-03 2.748972270637750626e-03 2.913522534072399139e-03 2.994275651872158051e-03 2.244385192170739174e-03 1.629138365387916565e-03 0.000000000000000000e+00 2.044025110080838203e-03 6.374687422066926956e-03 6.832498591393232346e-03 6.585223134607076645e-03 6.779038347303867340e-03 6.778163369745016098e-03 6.648429203778505325e-03 6.475883070379495621e-03 6.147694308310747147e-03 5.981211550533771515e-03
2.206564182415604591e-03 2.925403416156768799e-03 2.859666710719466209e-03 3.093183040618896484e-03 3.013961017131805420e-03 2.674214076250791550e-03 2.653346164152026176e-03 2.044025110080838203e-03 0.000000000000000000e+00 6.247777491807937622e-03 6.684937514364719391e-03 6.441290955990552902e-03 6.637820042669773102e-03 6.660354789346456528e-03 6.514279171824455261e-03 6.333451718091964722e-03 6.007742136716842651e-03 5.856874398887157440e-03
6.602556910365819931e-03 7.049249950796365738e-03 6.857866887003183365e-03 7.035580463707447052e-03 7.027555722743272781e-03 6.892522331327199936e-03 6.652877666056156158e-03 6.374687422066926956e-03 6.247777491807937622e-03 0.000000000000000000e+00 2.297702711075544357e-03 2.691224217414855957e-03 3.017883747816085815e-03 3.215752774849534035e-03 2.990071894600987434e-03 3.188438713550567627e-03 2.808046760037541389e-03 2.203682903200387955e-03
7.043640594929456711e-03 7.516825105994939804e-03 7.319994270801544189e-03 7.494906894862651825e-03 7.455349899828433990e-03 7.343052886426448822e-03 7.113454863429069519e-03 6.832498591393232346e-03 6.684937514364719391e-03 2.297702711075544357e-03 0.000000000000000000e+00 1.918345922604203224e-03 2.651881426572799683e-03 3.444603411480784416e-03 3.056886373087763786e-03 3.238084493204951286e-03 3.026255872100591660e-03 2.985313767567276955e-03
6.799191702157258987e-03 7.267678622156381607e-03 7.071865256875753403e-03 7.247176486998796463e-03 7.213160861283540726e-03 7.096748333424329758e-03 6.865698378533124924e-03 6.585223134607076645e-03 6.441290955990552902e-03 2.691224217414855957e-03 1.918345922604203224e-03 0.000000000000000000e+00 1.840711105614900589e-03 2.882340224459767342e-03 2.663172315806150436e-03 2.735139569267630577e-03 2.776725450530648232e-03 2.830814337357878685e-03
6.995523348450660706e-03 7.460671942681074142e-03 7.265407592058181763e-03 7.441338151693344116e-03 7.411492057144641876e-03 7.292340043932199478e-03 7.059176918119192123e-03 6.779038347303867340e-03 6.637820042669773102e-03 3.017883747816085815e-03 2.651881426572799683e-03 1.840711105614900589e-03 0.000000000000000000e+00 2.613174729049205780e-03 2.681117737665772438e-03 2.895929617807269096e-03 2.883691573515534401e-03 3.071486484259366989e-03
7.013896945863962173e-03 7.449111901223659515e-03 7.259869948029518127e-03 7.439216598868370056e-03 7.445102091878652573e-03 7.300520781427621841e-03 7.055136840790510178e-03 6.778163369745016098e-03 6.660354789346456528e-03 3.215752774849534035e-03 3.444603411480784416e-03 2.882340224459767342e-03 2.613174729049205780e-03 0.000000000000000000e+00 2.307056216523051262e-03 2.896487247198820114e-03 3.014116548001766205e-03 3.026699414476752281e-03
6.871088873594999313e-03 7.327406201511621475e-03 7.133775856345891953e-03 7.311001885682344437e-03 7.292027119547128677e-03 7.165301591157913208e-03 6.927720271050930023e-03 6.648429203778505325e-03 6.514279171824455261e-03 2.990071894600987434e-03 3.056886373087763786e-03 2.663172315806150436e-03 2.681117737665772438e-03 2.307056216523051262e-03 0.000000000000000000e+00 1.833662274293601513e-03 2.225775038823485374e-03 2.663890831172466278e-03
6.690620444715023041e-03 7.156952284276485443e-03 6.961764767765998840e-03 7.136942353099584579e-03 7.105147466063499451e-03 6.986852735280990601e-03 6.756067276000976562e-03 6.475883070379495621e-03 6.333451718091964722e-03 3.188438713550567627e-03 3.238084493204951286e-03 2.735139569267630577e-03 2.895929617807269096e-03 2.896487247198820114e-03 1.833662274293601513e-03 0.000000000000000000e+00 1.630331738851964474e-03 2.688041655346751213e-03
6.364471279084682465e-03 6.827669218182563782e-03 6.633122451603412628e-03 6.808646023273468018e-03 6.780676078051328659e-03 6.659550592303276062e-03 6.427604705095291138e-03 6.147694308310747147e-03 6.007742136716842651e-03 2.808046760037541389e-03 3.026255872100591660e-03 2.776725450530648232e-03 2.883691573515534401e-03 3.014116548001766205e-03 2.225775038823485374e-03 1.630331738851964474e-03 0.000000000000000000e+00 2.074993913993239403e-03
6.210797931998968124e-03 6.654031109064817429e-03 6.463518831878900528e-03 6.641289684921503067e-03 6.637169513851404190e-03 6.498998962342739105e-03 6.259034387767314911e-03 5.981211550533771515e-03 5.856874398887157440e-03 2.203682903200387955e-03 2.985313767567276955e-03 2.830814337357878685e-03 3.071486484259366989e-03 3.026699414476752281e-03 2.663890831172466278e-03 2.688041655346751213e-03 2.074993913993239403e-03 0.000000000000000000e+00
