0.000000000000000000e+00 1.886832527816295624e-03 2.793089719489216805e-03 3.408747958019375801e-03 3.408517455682158470e-03 3.960737027227878571e-03 3.490440547466278076e-03 3.281566547229886055e-03 2.153469715267419815e-03 7.955026812851428986e-03 7.881374098360538483e-03 7.576910313218832016e-03 9.146009571850299835e-03 8.557300083339214325e-03 9.848305024206638336e-03 9.908356703817844391e-03 9.751345962285995483e-03 8.604577742516994476e-03
1.886832527816295624e-03 0.000000000000000000e+00 1.862526289187371731e-03 2.648195018991827965e-03 2.780573209747672081e-03 3.216610988602042198e-03 3.189866896718740463e-03 2.993744798004627228e-03 2.353611402213573456e-03 7.866098545491695404e-03 7.815528661012649536e-03 7.506714668124914169e-03 9.091313928365707397e-03 8.489806205034255981e-03 9.811320342123508453e-03 9.862903505563735962e-03 9.700077585875988007e-03 8.533030748367309570e-03
2.793089719489216805e-03 1.862526289187371731e-03 0.000000000000000000e+00 1.816293341107666492e-03 2.474657492712140083e-03 3.391652135178446770e-03 3.472579875960946083e-03 3.493287134915590286e-03 2.869261661544442177e-03 7.563543040305376053e-03 7.508296985179185867e-03 7.200249936431646347e-03 8.782257325947284698e-03 8.183170109987258911e-03 9.499019011855125427e-03 9.552213363349437714e-03 9.390546940267086029e-03 8.227224461734294891e-03
3.408747958019375801e-03 2.648195018991827965e-03 1.816293341107666492e-03 0.000000000000000000e+00 2.034703036770224571e-03 2.983391983434557915e-03 3.295905888080596924e-03 3.427334362640976906e-03 3.257319098338484764e-03 8.896592073142528534e-03 8.857469074428081512e-03 8.546684868633747101e-03 1.013764832168817520e-02 9.530263021588325500e-03 1.086655072867870331e-02 1.091359741985797882e-02 1.074784155935049057e-02 9.571630507707595825e-03
3.408517455682158470e-03 2.780573209747672081e-03 2.474657492712140083e-03 2.034703036770224571e-03 0.000000000000000000e+00 2.464507939293980598e-03 3.318430855870246887e-03 3.553678514435887337e-03 3.280622884631156921e-03 8.413019590079784393e-03 8.361238054931163788e-03 8.052757941186428070e-03 9.635901078581809998e-03 9.035257622599601746e-03 1.035520061850547791e-02 1.040694583207368851e-02 1.024441327899694443e-02 9.078836068511009216e-03
3.960737027227878571e-03 3.216610988602042198e-03 3.391652135178446770e-03 2.983391983434557915e-03 2.464507939293980598e-03 0.000000000000000000e+00 2.197301480919122696e-03 3.232149407267570496e-03 3.658595960587263107e-03 9.657793678343296051e-03 9.637595154345035553e-03 9.323120117187500000e-03 1.092632114887237549e-02 1.030831597745418549e-02 1.167058851569890976e-02 1.171025633811950684e-02 1.153943128883838654e-02 1.034677214920520782e-02
3.490440547466278076e-03 3.189866896718740463e-03 3.472579875960946083e-03 3.295905888080596924e-03 3.318430855870246887e-03 2.197301480919122696e-03 0.000000000000000000e+00 1.955192070454359055e-03 3.020783886313438416e-03 9.673198685050010681e-03 9.644970297813415527e-03 9.332178160548210144e-03 1.092960592359304428e-02 1.031631696969270706e-02 1.166711375117301941e-02 1.170994155108928680e-02 1.154128462076187134e-02 1.035602018237113953e-02
3.281566547229886055e-03 2.993744798004627228e-03 3.493287134915590286e-03 3.427334362640976906e-03 3.553678514435887337e-03 3.232149407267570496e-03 1.955192070454359055e-03 0.000000000000000000e+00 2.063320949673652649e-03 9.798006154596805573e-03 9.765449911355972290e-03 9.453592821955680847e-03 1.104777306318283081e-02 1.043701730668544769e-02 1.178137864917516708e-02 1.182586234062910080e-02 1.165852416306734085e-02 1.047744508832693100e-02
2.153469715267419815e-03 2.353611402213573456e-03 2.869261661544442177e-03 3.257319098338484764e-03 3.280622884631156921e-03 3.658595960587263107e-03 3.020783886313438416e-03 2.063320949673652649e-03 0.000000000000000000e+00 8.662906475365161896e-03 8.606735616922378540e-03 8.299150504171848297e-03 9.879077784717082977e-03 9.280859492719173431e-03 1.059482991695404053e-02 1.064821146428585052e-02 1.048668846487998962e-02 9.325237944722175598e-03
7.955026812851428986e-03 7.866098545491695404e-03 7.563543040305376053e-03 8.896592073142528534e-03 8.413019590079784393e-03 9.657793678343296051e-03 9.673198685050010681e-03 9.798006154596805573e-03 8.662906475365161896e-03 0.000000000000000000e+00 1.897463458590209484e-03 2.663840306922793388e-03 3.578266128897666931e-03 3.494594013318419456e-03 4.015483893454074860e-03 3.635905450209975243e-03 3.242185804992914200e-03 2.165296347811818123e-03
7.881374098360538483e-03 7.815528661012649536e-03 7.508296985179185867e-03 8.857469074428081512e-03 8.361238054931163788e-03 9.637595154345035553e-03 9.644970297813415527e-03 9.765449911355972290e-03 8.606735616922378540e-03 1.897463458590209484e-03 0.000000000000000000e+00 1.619483460672199726e-03 2.724208170548081398e-03 2.805143361911177635e-03 3.319400595501065254e-03 3.304507117718458176e-03 2.855807309970259666e-03 2.360116224735975266e-03
7.576910313218832016e-03 7.506714668124914169e-03 7.200249936431646347e-03 8.546684868633747101e-03 8.052757941186428070e-03 9.323120117187500000e-03 9.332178160548210144e-03 9.453592821955680847e-03 8.299150504171848297e-03 2.663840306922793388e-03 1.619483460672199726e-03 0.000000000000000000e+00 1.786529552191495895e-03 2.292723394930362701e-03 3.281691111624240875e-03 3.486293135210871696e-03 3.310842439532279968e-03 2.758039860054850578e-03
9.146009571850299835e-03 9.091313928365707397e-03 8.782257325947284698e-03 1.013764832168817520e-02 9.635901078581809998e-03 1.092632114887237549e-02 1.092960592359304428e-02 1.104777306318283081e-02 9.879077784717082977e-03 3.578266128897666931e-03 2.724208170548081398e-03 1.786529552191495895e-03 0.000000000000000000e+00 2.062724204733967781e-03 2.980690449476242065e-03 3.499537473544478416e-03 3.407750977203249931e-03 3.258575219660997391e-03
8.557300083339214325e-03 8.489806205034255981e-03 8.183170109987258911e-03 9.530263021588325500e-03 9.035257622599601746e-03 1.030831597745418549e-02 1.031631696969270706e-02 1.043701730668544769e-02 9.280859492719173431e-03 3.494594013318419456e-03 2.805143361911177635e-03 2.292723394930362701e-03 2.062724204733967781e-03 0.000000000000000000e+00 2.513399580493569374e-03 3.474499564617872238e-03 3.443881403654813766e-03 3.225181018933653831e-03
9.848305024206638336e-03 9.811320342123508453e-03 9.499019011855125427e-03 1.086655072867870331e-02 1.035520061850547791e-02 1.167058851569890976e-02 1.166711375117301941e-02 1.178137864917516708e-02 1.059482991695404053e-02 4.015483893454074860e-03 3.319400595501065254e-03 3.281691111624240875e-03 2.980690449476242065e-03 2.513399580493569374e-03 0.000000000000000000e+00 2.215466462075710297e-03 3.140444168820977211e-03 3.540859557688236237e-03
9.908356703817844391e-03 9.862903505563735962e-03 9.552213363349437714e-03 1.091359741985797882e-02 1.040694583207368851e-02 1.171025633811950684e-02 1.170994155108928680e-02 1.182586234062910080e-02 1.064821146428585052e-02 3.635905450209975243e-03 3.304507117718458176e-03 3.486293135210871696e-03 3.499537473544478416e-03 3.474499564617872238e-03 2.215466462075710297e-03 0.000000000000000000e+00 1.886836602352559566e-03 2.975018927827477455e-03
9.751345962285995483e-03 9.700077585875988007e-03 9.390546940267086029e-03 1.074784155935049057e-02 1.024441327899694443e-02 1.153943128883838654e-02 1.154128462076187134e-02 1.165852416306734085e-02 1.048668846487998962e-02 3.242185804992914200e-03 2.855807309970259666e-03 3.310842439532279968e-03 3.407750977203249931e-03 3.443881403654813766e-03 3.140444168820977211e-03 1.886836602352559566e-03 0.000000000000000000e+00 2.027429640293121338e-03
8.604577742516994476e-03 8.533030748367309570e-03 8.227224461734294891e-03 9.571630507707595825e-03 9.078836068511009216e-03 1.034677214920520782e-02 1.035602018237113953e-02 1.047744508832693100e-02 9.325237944722175598e-03 2.165296347811818123e-03 2.360116224735975266e-03 2.758039860054850578e-03 3.258575219660997391e-03 3.225181018933653831e-03 3.540859557688236237e-03 2.975018927827477455e-03 2.027429640293121338e-03 0.000000000000000000e+00
