0.000000000000000000e+00 3.061470575630664825e-03 3.895935835316777229e-03 4.040008410811424255e-03 4.566261079162359238e-03 4.377619363367557526e-03 4.604625049978494644e-03 4.514233674854040146e-03 4.137026146054267883e-03 1.071958430111408234e-02 1.050519663840532303e-02 1.043625269085168839e-02 1.026307325810194016e-02 9.633830748498439789e-03 1.045542210340499878e-02 1.103673689067363739e-02 1.128582656383514404e-02 1.161834131926298141e-02
3.061470575630664825e-03 0.000000000000000000e+00 2.797746798023581505e-03 3.238739911466836929e-03 3.941264934837818146e-03 3.761986969038844109e-03 3.833040129393339157e-03 3.901377087458968163e-03 4.092892166227102280e-03 1.053228415548801422e-02 1.031923945993185043e-02 1.025094743818044662e-02 1.007761992514133453e-02 9.443954564630985260e-03 1.027233619242906570e-02 1.085848454385995865e-02 1.110698748379945755e-02 1.143439579755067825e-02
3.895935835316777229e-03 2.797746798023581505e-03 0.000000000000000000e+00 2.687964588403701782e-03 4.114549607038497925e-03 3.859138581901788712e-03 4.089866299182176590e-03 4.024421796202659607e-03 4.500577691942453384e-03 1.054623443633317947e-02 1.033383794128894806e-02 1.026586629450321198e-02 1.009251829236745834e-02 9.456924162805080414e-03 1.028826925903558731e-02 1.087655313313007355e-02 1.112475804984569550e-02 1.144975796341896057e-02
4.040008410811424255e-03 3.238739911466836929e-03 2.687964588403701782e-03 0.000000000000000000e+00 3.284850390627980232e-03 3.502721898257732391e-03 3.775301156565546989e-03 3.794918535277247429e-03 4.550462123006582260e-03 1.019067876040935516e-02 9.978208690881729126e-03 9.910285472869873047e-03 9.737155400216579437e-03 9.101992473006248474e-03 9.932511486113071442e-03 1.052044425159692764e-02 1.076875161379575729e-02 1.109394896775484085e-02
4.566261079162359238e-03 3.941264934837818146e-03 4.114549607038497925e-03 3.284850390627980232e-03 0.000000000000000000e+00 3.498607315123081207e-03 4.462643060833215714e-03 4.656621720641851425e-03 5.241315346211194992e-03 9.639889001846313477e-03 9.422859176993370056e-03 9.352934546768665314e-03 9.180762805044651031e-03 8.560704067349433899e-03 9.367592632770538330e-03 9.939281269907951355e-03 1.018980052322149277e-02 1.053200662136077881e-02
4.377619363367557526e-03 3.761986969038844109e-03 3.859138581901788712e-03 3.502721898257732391e-03 3.498607315123081207e-03 0.000000000000000000e+00 2.781637944281101227e-03 3.475399687886238098e-03 4.418704658746719360e-03 1.041622832417488098e-02 1.020648982375860214e-02 1.013975311070680618e-02 9.965968318283557892e-03 9.321473538875579834e-03 1.016659289598464966e-02 1.076451968401670456e-02 1.101151388138532639e-02 1.132645457983016968e-02
4.604625049978494644e-03 3.833040129393339157e-03 4.089866299182176590e-03 3.775301156565546989e-03 4.462643060833215714e-03 2.781637944281101227e-03 0.000000000000000000e+00 2.630728064104914665e-03 4.132999572902917862e-03 1.100179273635149002e-02 1.079699769616127014e-02 1.073246635496616364e-02 1.055778190493583679e-02 9.897232986986637115e-03 1.076742075383663177e-02 1.138268504291772842e-02 1.162729039788246155e-02 1.192383188754320145e-02
4.514233674854040146e-03 3.901377087458968163e-03 4.024421796202659607e-03 3.794918535277247429e-03 4.656621720641851425e-03 3.475399687886238098e-03 2.630728064104914665e-03 0.000000000000000000e+00 3.527836408466100693e-03 1.129086874425411224e-02 1.108521968126296997e-02 1.102026831358671188e-02 1.084571983665227890e-02 1.018822845071554184e-02 1.105374190956354141e-02 1.166568603366613388e-02 1.191064063459634781e-02 1.221051625907421112e-02
4.137026146054267883e-03 4.092892166227102280e-03 4.500577691942453384e-03 4.550462123006582260e-03 5.241315346211194992e-03 4.418704658746719360e-03 4.132999572902917862e-03 3.527836408466100693e-03 0.000000000000000000e+00 1.166505087167024612e-02 1.145429722964763641e-02 1.138691976666450500e-02 1.121303252875804901e-02 1.057231426239013672e-02 1.141196489334106445e-02 1.200564019381999969e-02 1.225288771092891693e-02 1.257207151502370834e-02
1.071958430111408234e-02 1.053228415548801422e-02 1.054623443633317947e-02 1.019067876040935516e-02 9.639889001846313477e-03 1.041622832417488098e-02 1.100179273635149002e-02 1.129086874425411224e-02 1.166505087167024612e-02 0.000000000000000000e+00 2.969480585306882858e-03 3.828024258837103844e-03 3.998023923486471176e-03 4.504533484578132629e-03 4.351475276052951813e-03 4.532814491540193558e-03 4.366438370198011398e-03 4.019047599285840988e-03
1.050519663840532303e-02 1.031923945993185043e-02 1.033383794128894806e-02 9.978208690881729126e-03 9.422859176993370056e-03 1.020648982375860214e-02 1.079699769616127014e-02 1.108521968126296997e-02 1.145429722964763641e-02 2.969480585306882858e-03 0.000000000000000000e+00 2.769610844552516937e-03 3.298898227512836456e-03 3.894252004101872444e-03 3.694306360557675362e-03 3.905687946826219559e-03 3.754553850740194321e-03 3.982964903116226196e-03
1.043625269085168839e-02 1.025094743818044662e-02 1.026586629450321198e-02 9.910285472869873047e-03 9.352934546768665314e-03 1.013975311070680618e-02 1.073246635496616364e-02 1.102026831358671188e-02 1.138691976666450500e-02 3.828024258837103844e-03 2.769610844552516937e-03 0.000000000000000000e+00 2.732367021963000298e-03 4.081070423126220703e-03 3.797171870246529579e-03 4.094798583537340164e-03 3.981032874435186386e-03 4.474283196032047272e-03
1.026307325810194016e-02 1.007761992514133453e-02 1.009251829236745834e-02 9.737155400216579437e-03 9.180762805044651031e-03 9.965968318283557892e-03 1.055778190493583679e-02 1.084571983665227890e-02 1.121303252875804901e-02 3.998023923486471176e-03 3.298898227512836456e-03 2.732367021963000298e-03 0.000000000000000000e+00 3.378282766789197922e-03 3.565296763554215431e-03 3.888175124302506447e-03 3.847810206934809685e-03 4.540454130619764328e-03
9.633830748498439789e-03 9.443954564630985260e-03 9.456924162805080414e-03 9.101992473006248474e-03 8.560704067349433899e-03 9.321473538875579834e-03 9.897232986986637115e-03 1.018822845071554184e-02 1.057231426239013672e-02 4.504533484578132629e-03 3.894252004101872444e-03 4.081070423126220703e-03 3.378282766789197922e-03 0.000000000000000000e+00 3.509281901642680168e-03 4.534997977316379547e-03 4.709514789283275604e-03 5.236216355115175247e-03
1.045542210340499878e-02 1.027233619242906570e-02 1.028826925903558731e-02 9.932511486113071442e-03 9.367592632770538330e-03 1.016659289598464966e-02 1.076742075383663177e-02 1.105374190956354141e-02 1.141196489334106445e-02 4.351475276052951813e-03 3.694306360557675362e-03 3.797171870246529579e-03 3.565296763554215431e-03 3.509281901642680168e-03 0.000000000000000000e+00 2.829689066857099533e-03 3.488437039777636528e-03 4.490352701395750046e-03
1.103673689067363739e-02 1.085848454385995865e-02 1.087655313313007355e-02 1.052044425159692764e-02 9.939281269907951355e-03 1.076451968401670456e-02 1.138268504291772842e-02 1.166568603366613388e-02 1.200564019381999969e-02 4.532814491540193558e-03 3.905687946826219559e-03 4.094798583537340164e-03 3.888175124302506447e-03 4.534997977316379547e-03 2.829689066857099533e-03 0.000000000000000000e+00 2.666966523975133896e-03 4.168726969510316849e-03
1.128582656383514404e-02 1.110698748379945755e-02 1.112475804984569550e-02 1.076875161379575729e-02 1.018980052322149277e-02 1.101151388138532639e-02 1.162729039788246155e-02 1.191064063459634781e-02 1.225288771092891693e-02 4.366438370198011398e-03 3.754553850740194321e-03 3.981032874435186386e-03 3.847810206934809685e-03 4.709514789283275604e-03 3.488437039777636528e-03 2.666966523975133896e-03 0.000000000000000000e+00 3.479026723653078079e-03
1.161834131926298141e-02 1.143439579755067825e-02 1.144975796341896057e-02 1.109394896775484085e-02 1.053200662136077881e-02 1.132645457983016968e-02 1.192383188754320145e-02 1.221051625907421112e-02 1.257207151502370834e-02 4.019047599285840988e-03 3.982964903116226196e-03 4.474283196032047272e-03 4.540454130619764328e-03 5.236216355115175247e-03 4.490352701395750046e-03 4.168726969510316849e-03 3.479026723653078079e-03 0.000000000000000000e+00
